# Davenport 2014, MNRAS, 440, 3430, Table 1.
gmi  num_star umg umg_std gmr  gmr_std rmi rmi_std imz imz_std zmJ zmJ_std JmH JmH_std HmKs HmKs_std
 0.20    5708 1.087 0.032 0.268 0.029 0.082 0.021 -0.007 0.018 0.772 0.034 0.245 0.041 0.039 0.045
 0.30    4264 1.077 0.066 0.303 0.025 0.098 0.017  0.010 0.020 0.790 0.033 0.269 0.040 0.044 0.046
 0.35    9259 1.082 0.052 0.327 0.026 0.118 0.022  0.018 0.021 0.807 0.034 0.289 0.042 0.044 0.046
 0.40   15934 1.075 0.042 0.374 0.031 0.132 0.021  0.031 0.019 0.829 0.036 0.314 0.043 0.048 0.046
 0.42    2494 1.112 0.029 0.366 0.029 0.133 0.024  0.010 0.020 0.829 0.034 0.300 0.043 0.047 0.045
 0.44    7690 1.123 0.031 0.404 0.035 0.125 0.019  0.030 0.018 0.834 0.035 0.313 0.042 0.048 0.045
 0.46    7205 1.148 0.026 0.395 0.035 0.129 0.020  0.024 0.019 0.835 0.035 0.312 0.043 0.048 0.046
 0.48    8362 1.164 0.025 0.390 0.031 0.135 0.021  0.026 0.020 0.835 0.035 0.314 0.043 0.049 0.046
 0.50   12495 1.187 0.024 0.408 0.034 0.136 0.020  0.028 0.019 0.842 0.035 0.319 0.044 0.051 0.045
 0.52   15381 1.214 0.024 0.415 0.033 0.140 0.021  0.032 0.019 0.846 0.036 0.323 0.043 0.052 0.045
 0.54   17938 1.243 0.024 0.422 0.032 0.142 0.021  0.036 0.020 0.848 0.036 0.326 0.044 0.054 0.045
 0.56   14849 1.267 0.021 0.432 0.035 0.144 0.022  0.033 0.019 0.853 0.037 0.328 0.044 0.055 0.045
 0.58   18483 1.295 0.020 0.441 0.033 0.148 0.022  0.040 0.020 0.856 0.037 0.334 0.045 0.056 0.045
 0.60   20604 1.326 0.020 0.454 0.035 0.151 0.022  0.042 0.020 0.861 0.037 0.338 0.046 0.057 0.045
 0.62   21041 1.359 0.021 0.466 0.033 0.156 0.024  0.048 0.022 0.866 0.038 0.344 0.047 0.059 0.045
 0.64   17884 1.390 0.020 0.481 0.036 0.160 0.024  0.047 0.020 0.874 0.039 0.349 0.047 0.061 0.044
 0.66   20635 1.425 0.022 0.496 0.036 0.164 0.025  0.056 0.024 0.879 0.039 0.358 0.049 0.063 0.044
 0.68   15959 1.456 0.020 0.508 0.036 0.169 0.026  0.055 0.022 0.886 0.041 0.362 0.051 0.063 0.045
 0.70   16320 1.488 0.022 0.524 0.037 0.175 0.027  0.062 0.024 0.894 0.041 0.372 0.052 0.065 0.045
 0.72   16901 1.521 0.023 0.539 0.038 0.180 0.029  0.067 0.025 0.900 0.043 0.380 0.054 0.067 0.045
 0.74   16239 1.554 0.023 0.556 0.038 0.187 0.030  0.070 0.025 0.909 0.044 0.389 0.054 0.069 0.044
 0.76   16593 1.590 0.025 0.565 0.038 0.189 0.032  0.073 0.028 0.912 0.045 0.391 0.057 0.071 0.044
 0.78   11516 1.616 0.023 0.589 0.039 0.198 0.028  0.079 0.024 0.925 0.043 0.408 0.054 0.072 0.044
 0.80   16295 1.649 0.025 0.599 0.038 0.206 0.032  0.085 0.028 0.931 0.045 0.417 0.058 0.074 0.044
 0.82   17085 1.685 0.025 0.617 0.040 0.211 0.031  0.088 0.027 0.940 0.045 0.424 0.058 0.075 0.044
 0.84   15224 1.721 0.025 0.624 0.037 0.214 0.034  0.092 0.029 0.944 0.045 0.427 0.059 0.077 0.043
 0.86   13197 1.752 0.024 0.651 0.039 0.222 0.029  0.099 0.026 0.955 0.042 0.442 0.054 0.077 0.043
 0.88   14413 1.786 0.023 0.659 0.039 0.227 0.031  0.101 0.027 0.961 0.044 0.448 0.056 0.079 0.043
 0.90   13647 1.819 0.023 0.675 0.036 0.236 0.031  0.107 0.026 0.970 0.043 0.458 0.054 0.080 0.043
 0.92   15921 1.857 0.025 0.691 0.040 0.238 0.031  0.110 0.027 0.974 0.043 0.462 0.055 0.082 0.043
 0.94   10991 1.891 0.023 0.701 0.040 0.241 0.031  0.110 0.026 0.977 0.042 0.464 0.055 0.084 0.043
 0.96    9534 1.919 0.022 0.714 0.034 0.248 0.030  0.118 0.026 0.985 0.041 0.475 0.053 0.085 0.043
 0.98    9712 1.946 0.022 0.728 0.040 0.250 0.030  0.117 0.024 0.989 0.041 0.477 0.053 0.087 0.043
 1.00    8580 1.972 0.021 0.741 0.037 0.257 0.030  0.121 0.024 0.995 0.041 0.485 0.052 0.088 0.042
 1.02   10504 2.003 0.023 0.757 0.039 0.260 0.030  0.130 0.027 0.999 0.041 0.491 0.053 0.089 0.043
 1.04    7364 2.029 0.021 0.764 0.039 0.262 0.032  0.122 0.021 1.002 0.040 0.489 0.051 0.090 0.042
 1.06    8423 2.054 0.023 0.790 0.040 0.274 0.027  0.139 0.025 1.012 0.039 0.508 0.050 0.092 0.044
 1.08    9310 2.084 0.023 0.794 0.040 0.273 0.032  0.133 0.025 1.012 0.040 0.503 0.052 0.094 0.043
 1.10    9279 2.115 0.024 0.822 0.047 0.278 0.028  0.140 0.024 1.019 0.038 0.513 0.050 0.093 0.043
 1.12    4644 2.131 0.023 0.831 0.037 0.298 0.030  0.145 0.023 1.033 0.039 0.526 0.048 0.098 0.043
 1.14    9176 2.161 0.024 0.830 0.038 0.282 0.033  0.138 0.025 1.024 0.040 0.511 0.052 0.097 0.041
 1.16    5072 2.184 0.023 0.858 0.036 0.295 0.028  0.150 0.024 1.033 0.038 0.527 0.048 0.098 0.043
 1.18    7340 2.206 0.024 0.884 0.049 0.302 0.030  0.152 0.023 1.041 0.038 0.538 0.050 0.099 0.042
 1.20    5922 2.232 0.025 0.876 0.032 0.302 0.033  0.154 0.028 1.039 0.040 0.530 0.049 0.102 0.043
 1.22    6207 2.251 0.025 0.906 0.043 0.311 0.028  0.162 0.025 1.047 0.038 0.545 0.048 0.101 0.043
 1.24    5223 2.271 0.023 0.917 0.045 0.320 0.033  0.158 0.021 1.054 0.039 0.551 0.049 0.103 0.043
 1.26    6916 2.294 0.023 0.928 0.040 0.318 0.028  0.164 0.025 1.052 0.036 0.549 0.048 0.103 0.043
 1.28    4426 2.324 0.028 0.934 0.033 0.333 0.038  0.168 0.029 1.063 0.041 0.556 0.051 0.107 0.043
 1.30    6799 2.335 0.025 0.973 0.043 0.336 0.028  0.178 0.025 1.065 0.036 0.570 0.047 0.106 0.043
 1.32    5753 2.366 0.028 0.962 0.030 0.333 0.030  0.170 0.025 1.063 0.037 0.556 0.047 0.110 0.043
 1.34    3701 2.368 0.024 1.013 0.040 0.359 0.030  0.181 0.021 1.081 0.036 0.587 0.045 0.108 0.042
 1.36    5487 2.397 0.027 0.992 0.030 0.343 0.027  0.177 0.024 1.071 0.037 0.567 0.045 0.110 0.043
 1.38    3852 2.411 0.027 1.011 0.027 0.353 0.026  0.182 0.021 1.077 0.035 0.576 0.044 0.109 0.042
 1.40    2865 2.419 0.024 1.027 0.025 0.360 0.023  0.188 0.018 1.082 0.035 0.583 0.042 0.112 0.043
 1.42    5454 2.454 0.037 1.031 0.028 0.368 0.035  0.186 0.023 1.088 0.039 0.583 0.047 0.114 0.043
 1.44   17967 2.495 0.042 1.076 0.031 0.380 0.023  0.206 0.022 1.092 0.034 0.596 0.042 0.116 0.043
 1.46    1084 2.449 0.030 1.083 0.014 0.400 0.015  0.190 0.016 1.109 0.033 0.608 0.039 0.114 0.042
 1.48    3577 2.450 0.028 1.127 0.026 0.416 0.020  0.222 0.017 1.115 0.033 0.627 0.037 0.119 0.042
 1.50     198 2.476 0.031 1.116 0.026 0.441 0.023  0.224 0.021 1.125 0.031 0.627 0.039 0.126 0.042
 1.52    3009 2.492 0.026 1.121 0.024 0.409 0.021  0.205 0.019 1.112 0.033 0.615 0.040 0.119 0.042
 1.54    1232 2.525 0.026 1.115 0.019 0.410 0.027  0.204 0.019 1.112 0.032 0.611 0.039 0.120 0.042
 1.56   20646 2.588 0.043 1.167 0.034 0.432 0.026  0.225 0.019 1.121 0.033 0.620 0.040 0.125 0.041
 1.58     617 2.499 0.030 1.161 0.016 0.443 0.024  0.228 0.015 1.131 0.033 0.635 0.036 0.123 0.043
 1.60    5582 2.551 0.041 1.212 0.031 0.457 0.021  0.244 0.017 1.134 0.033 0.641 0.037 0.128 0.042
 1.62    1536 2.502 0.038 1.191 0.021 0.462 0.018  0.248 0.017 1.134 0.032 0.642 0.037 0.132 0.041
 1.64    1424 2.526 0.055 1.203 0.028 0.482 0.024  0.250 0.018 1.144 0.033 0.646 0.037 0.131 0.042
 1.66    1041 2.523 0.042 1.209 0.021 0.482 0.022  0.260 0.017 1.143 0.033 0.648 0.037 0.133 0.044
 1.68    7220 2.564 0.046 1.255 0.031 0.494 0.020  0.267 0.017 1.149 0.033 0.651 0.037 0.137 0.042
 1.70    1238 2.611 0.053 1.245 0.035 0.531 0.020  0.269 0.021 1.160 0.036 0.651 0.038 0.143 0.042
 1.72    1412 2.609 0.048 1.259 0.033 0.539 0.025  0.278 0.021 1.163 0.034 0.653 0.036 0.142 0.040
 1.74    2742 2.542 0.056 1.248 0.024 0.524 0.024  0.286 0.020 1.156 0.034 0.652 0.038 0.142 0.044
 1.76    6020 2.587 0.045 1.298 0.029 0.532 0.023  0.286 0.018 1.161 0.032 0.657 0.036 0.143 0.041
 1.78    1744 2.624 0.052 1.282 0.032 0.573 0.024  0.302 0.019 1.174 0.035 0.654 0.038 0.150 0.042
 1.80    6411 2.588 0.043 1.322 0.030 0.556 0.024  0.301 0.018 1.169 0.033 0.660 0.037 0.151 0.042
 1.82    4622 2.566 0.067 1.304 0.038 0.571 0.027  0.303 0.016 1.175 0.034 0.658 0.037 0.151 0.041
 1.84    3661 2.584 0.045 1.328 0.032 0.574 0.021  0.323 0.018 1.170 0.032 0.659 0.038 0.155 0.042
 1.86    2737 2.611 0.067 1.310 0.033 0.602 0.024  0.328 0.018 1.183 0.034 0.658 0.038 0.156 0.043
 1.88    8148 2.572 0.049 1.354 0.031 0.596 0.022  0.328 0.019 1.180 0.034 0.659 0.039 0.161 0.042
 1.90    3263 2.646 0.049 1.349 0.034 0.640 0.020  0.340 0.019 1.192 0.034 0.662 0.040 0.163 0.043
 1.92    6430 2.588 0.057 1.371 0.033 0.631 0.025  0.339 0.018 1.192 0.034 0.660 0.040 0.165 0.043
 1.94    6049 2.589 0.064 1.369 0.036 0.642 0.023  0.354 0.018 1.193 0.034 0.658 0.041 0.166 0.043
 1.96    5301 2.603 0.069 1.373 0.037 0.661 0.024  0.361 0.018 1.198 0.034 0.660 0.041 0.169 0.043
 1.98    7282 2.574 0.058 1.394 0.032 0.669 0.021  0.366 0.019 1.201 0.034 0.655 0.042 0.174 0.043
 2.00    5371 2.639 0.061 1.387 0.033 0.703 0.021  0.374 0.019 1.212 0.035 0.663 0.042 0.174 0.045
 2.02    7352 2.573 0.066 1.397 0.040 0.696 0.023  0.381 0.018 1.208 0.034 0.654 0.043 0.177 0.043
 2.04    5862 2.604 0.076 1.397 0.036 0.720 0.022  0.392 0.018 1.214 0.035 0.656 0.042 0.180 0.044
 2.06    7609 2.573 0.068 1.412 0.033 0.730 0.020  0.399 0.018 1.218 0.035 0.650 0.045 0.184 0.043
 2.08    6186 2.634 0.074 1.403 0.034 0.757 0.020  0.411 0.019 1.224 0.035 0.658 0.044 0.184 0.044
 2.10    7568 2.573 0.074 1.418 0.033 0.765 0.022  0.411 0.018 1.226 0.034 0.649 0.046 0.189 0.043
 2.12    7351 2.596 0.087 1.412 0.037 0.782 0.021  0.427 0.018 1.229 0.035 0.652 0.046 0.188 0.045
 2.14    7700 2.589 0.085 1.421 0.032 0.802 0.020  0.432 0.019 1.236 0.035 0.648 0.047 0.192 0.044
 2.16    7559 2.613 0.088 1.416 0.033 0.822 0.022  0.442 0.019 1.240 0.036 0.650 0.046 0.194 0.044
 2.18    8415 2.562 0.087 1.423 0.038 0.832 0.021  0.453 0.019 1.242 0.035 0.643 0.047 0.195 0.043
 2.20    6862 2.606 0.095 1.421 0.032 0.856 0.019  0.462 0.019 1.249 0.035 0.644 0.047 0.198 0.044
 2.22    7388 2.584 0.093 1.425 0.033 0.873 0.019  0.468 0.019 1.254 0.036 0.641 0.049 0.201 0.044
 2.24    7318 2.647 0.080 1.420 0.029 0.896 0.020  0.481 0.019 1.259 0.035 0.646 0.047 0.203 0.044
 2.26    9662 2.547 0.088 1.428 0.035 0.904 0.023  0.486 0.020 1.262 0.036 0.634 0.050 0.205 0.043
 2.28    8913 2.590 0.105 1.420 0.035 0.929 0.021  0.501 0.020 1.267 0.036 0.636 0.050 0.206 0.044
 2.30    7469 2.595 0.106 1.421 0.034 0.952 0.020  0.509 0.020 1.273 0.036 0.635 0.049 0.208 0.044
 2.32    7148 2.591 0.105 1.424 0.032 0.971 0.020  0.518 0.019 1.279 0.035 0.631 0.050 0.211 0.043
 2.34    8646 2.541 0.101 1.422 0.038 0.986 0.021  0.529 0.020 1.282 0.036 0.628 0.050 0.211 0.044
 2.36    7305 2.655 0.092 1.417 0.029 1.012 0.020  0.542 0.020 1.289 0.035 0.634 0.049 0.215 0.043
 2.38    8302 2.561 0.107 1.421 0.035 1.027 0.022  0.546 0.020 1.293 0.037 0.625 0.051 0.216 0.044
 2.40    8754 2.537 0.113 1.420 0.038 1.048 0.022  0.559 0.020 1.298 0.037 0.622 0.051 0.217 0.044
 2.42    6784 2.640 0.107 1.412 0.034 1.071 0.021  0.571 0.020 1.305 0.037 0.626 0.049 0.219 0.044
 2.44    7966 2.530 0.116 1.420 0.036 1.087 0.020  0.582 0.021 1.310 0.037 0.618 0.051 0.221 0.044
 2.46    6935 2.627 0.116 1.414 0.035 1.113 0.020  0.587 0.020 1.317 0.037 0.620 0.049 0.224 0.044
 2.48    7707 2.536 0.124 1.416 0.039 1.125 0.021  0.601 0.021 1.320 0.037 0.615 0.051 0.224 0.044
 2.50    6756 2.626 0.123 1.415 0.032 1.153 0.020  0.611 0.020 1.329 0.037 0.618 0.050 0.227 0.045
 2.52    8604 2.562 0.138 1.412 0.039 1.166 0.023  0.621 0.022 1.332 0.038 0.614 0.051 0.227 0.045
 2.54    7249 2.515 0.137 1.411 0.047 1.187 0.021  0.627 0.021 1.339 0.038 0.611 0.051 0.227 0.043
 2.56    5174 2.547 0.132 1.412 0.038 1.204 0.019  0.642 0.021 1.343 0.038 0.613 0.050 0.230 0.046
 2.58    6122 2.672 0.117 1.415 0.031 1.226 0.021  0.651 0.021 1.353 0.037 0.612 0.049 0.233 0.043
 2.60    7068 2.541 0.142 1.411 0.044 1.237 0.022  0.654 0.021 1.355 0.038 0.609 0.052 0.233 0.044
 2.62    7910 2.514 0.150 1.415 0.042 1.258 0.020  0.673 0.021 1.362 0.038 0.608 0.051 0.234 0.045
 2.64    5324 2.647 0.147 1.408 0.043 1.280 0.021  0.674 0.020 1.370 0.039 0.608 0.050 0.236 0.044
 2.66    5089 2.573 0.160 1.414 0.039 1.292 0.020  0.690 0.021 1.373 0.040 0.607 0.053 0.238 0.045
 2.68    6447 2.511 0.156 1.417 0.044 1.310 0.020  0.697 0.022 1.381 0.038 0.605 0.052 0.239 0.044
 2.70    9850 2.632 0.172 1.408 0.042 1.339 0.022  0.714 0.023 1.389 0.040 0.607 0.052 0.242 0.046
 2.74    9647 2.491 0.160 1.419 0.047 1.370 0.022  0.730 0.023 1.404 0.039 0.604 0.052 0.244 0.044
 2.78    6819 2.599 0.206 1.420 0.044 1.402 0.021  0.749 0.021 1.416 0.040 0.604 0.051 0.249 0.045
 2.82    6949 2.593 0.207 1.427 0.045 1.430 0.022  0.770 0.022 1.427 0.041 0.604 0.053 0.251 0.045
 2.86    6293 2.523 0.227 1.423 0.049 1.460 0.021  0.786 0.023 1.440 0.041 0.603 0.053 0.253 0.045
 2.90    4486 2.568 0.239 1.444 0.047 1.491 0.021  0.803 0.021 1.454 0.041 0.600 0.052 0.259 0.046
 2.94    4443 2.636 0.259 1.433 0.046 1.520 0.021  0.826 0.024 1.465 0.043 0.601 0.053 0.261 0.047
 2.98    4412 2.469 0.253 1.475 0.044 1.548 0.025  0.838 0.024 1.479 0.041 0.596 0.048 0.266 0.043
 3.02    2973 2.628 0.297 1.462 0.048 1.581 0.022  0.862 0.025 1.494 0.044 0.598 0.052 0.269 0.047
 3.06    2573 2.458 0.267 1.491 0.044 1.610 0.024  0.872 0.023 1.506 0.042 0.590 0.049 0.272 0.045
 3.10    4916 2.578 0.363 1.498 0.045 1.659 0.032  0.908 0.028 1.525 0.046 0.595 0.050 0.278 0.046
 3.20    3075 2.546 0.410 1.527 0.044 1.737 0.033  0.951 0.030 1.557 0.046 0.591 0.050 0.288 0.046
 3.30    2161 2.609 0.509 1.546 0.045 1.815 0.039  0.994 0.031 1.590 0.052 0.591 0.049 0.297 0.046
 3.40    2255 2.404 0.535 1.571 0.045 1.930 0.064  1.061 0.044 1.639 0.058 0.597 0.049 0.309 0.049
 3.60     924 2.586 0.753 1.601 0.051 2.117 0.062  1.158 0.047 1.711 0.066 0.597 0.052 0.326 0.050
 3.80     641 2.216 0.837 1.608 0.069 2.348 0.116  1.279 0.070 1.800 0.084 0.604 0.056 0.343 0.051
 4.20     152 1.707 0.888 1.668 0.108 2.665 0.090  1.462 0.062 1.923 0.091 0.616 0.055 0.366 0.051
