# LSST Throughputs files created from syseng_throughputs repo
# Version 1.1
# sha1 acd2b1389ef7356e2125ef6f9dc40a5ffe2af05b
# Aerosols added to atmosphere
# Wavelen_cutoff_BLUE 305.30
# Wavelen_cutoff_RED 408.60
# Wavelength(nm)  Throughput(0-1)
300.0 0.0
300.1 0.0
300.2 0.0
300.3 0.0
300.4 0.0
300.5 0.0
300.6 0.0
300.7 0.0
300.8 0.0
300.9 0.0
301.0 0.0
301.1 0.0
301.2 0.0
301.3 0.0
301.4 0.0
301.5 0.0
301.6 0.0
301.7 0.0
301.8 0.0
301.9 0.0
302.0 0.0
302.1 0.0
302.2 0.0
302.3 0.0
302.4 0.0
302.5 0.0
302.6 0.0
302.7 0.0
302.8 0.0
302.9 0.0
303.0 0.0
303.1 0.0
303.2 0.0
303.3 0.0
303.4 0.0
303.5 0.0
303.6 0.0
303.7 0.0
303.8 0.0
303.9 0.0
304.0 0.0
304.1 0.0
304.2 0.0
304.3 0.0
304.4 0.0
304.5 0.0
304.6 0.0
304.7 0.0
304.8 0.0
304.9 0.0
305.0 0.0
305.1 0.0
305.2 0.0
305.3 0.0
305.4 1.23201665121e-17
305.5 1.00439770986e-06
305.6 2.02751321834e-06
305.7 4.14783433967e-06
305.8 6.30292119603e-06
305.9 8.43275689986e-06
306.0 1.05919464594e-05
306.1 1.28116295717e-05
306.2 1.50661720003e-05
306.3 1.74126896399e-05
306.4 1.97895893592e-05
306.5 2.21332115412e-05
306.6 2.48130814068e-05
306.7 2.76261336755e-05
306.8 3.05068096296e-05
306.9 3.3384873796e-05
307.0 3.63188750407e-05
307.1 3.9401823164e-05
307.2 4.25420180718e-05
307.3 4.58044124902e-05
307.4 4.91161698686e-05
307.5 5.24001536821e-05
307.6 5.51885428364e-05
307.7 5.80447269514e-05
307.8 6.08934251955e-05
307.9 6.36584857505e-05
308.0 6.64091324074e-05
308.1 6.90091161603e-05
308.2 7.15812587787e-05
308.3 7.41954619728e-05
308.4 7.6775777135e-05
308.5 7.92466226131e-05
308.6 8.20918094493e-05
308.7 8.49816159243e-05
308.8 8.78391955862e-05
308.9 9.05870802074e-05
309.0 9.32940118483e-05
309.1 9.67280435024e-05
309.2 0.000100132831191
309.3 0.000103577143941
309.4 0.000106980828318
309.5 0.00011026181187
309.6 0.000113175662215
309.7 0.000116100806361
309.8 0.000118955941883
309.9 0.000121659533094
310.0 0.000124282044642
310.1 0.000126406151042
310.2 0.00012845078383
310.3 0.000130487127336
310.4 0.000132436056849
310.5 0.000135547652398
310.6 0.000138379836889
310.7 0.000142468730295
310.8 0.000146406757062
310.9 0.000150187519769
311.0 0.00015380459948
311.1 0.000158314574181
311.2 0.000162719699677
311.3 0.000167013777766
311.4 0.000171190590174
311.5 0.000175175148685
311.6 0.000180003774424
311.7 0.000184784871841
311.8 0.000189440451454
311.9 0.000193961239153
312.0 0.000198337926349
312.1 0.000203244016575
312.2 0.0002080299712
312.3 0.00021268709005
312.4 0.000217206643392
312.5 0.000221512255492
312.6 0.000224201718873
312.7 0.000226785831535
312.8 0.000229191885984
312.9 0.000231414777867
313.0 0.00023344938862
313.1 0.000236952290041
313.2 0.000240389834101
313.3 0.000243760947506
313.4 0.000247064554847
313.5 0.000250237081455
313.6 0.000255129132684
313.7 0.000260044628691
313.8 0.000264917705534
313.9 0.000269744981661
314.0 0.000274523064225
314.1 0.000283513980888
314.2 0.000292646585834
314.3 0.000301920344123
314.4 0.00031133470833
314.5 0.000320821323677
314.6 0.000328164770089
314.7 0.000335646694134
314.8 0.000343198851065
314.9 0.000350820809204
315.0 0.000358512155245
315.1 0.00036939814427
315.2 0.00038047297201
315.3 0.000391737611047
315.4 0.000403193065081
315.5 0.000414764410505
315.6 0.000428732956968
315.7 0.000443086367271
315.8 0.000457752380479
315.9 0.00047273480341
316.0 0.000488037557793
316.1 0.000515612423409
316.2 0.000544123005179
316.3 0.000573585951202
316.4 0.000604018201062
316.5 0.000635334345914
316.6 0.00066364617089
316.7 0.000692771290622
316.8 0.000722615297634
316.9 0.000753186477653
317.0 0.000784493136262
317.1 0.000820612615079
317.2 0.00085744163717
317.3 0.000894983814085
317.4 0.000933242752351
317.5 0.000972081495957
317.6 0.00101690127447
317.7 0.00106299566565
317.8 0.00111023748136
317.9 0.00115864009509
318.0 0.0012082168832
318.1 0.00127855800407
318.2 0.00135116169989
318.3 0.00142606262244
318.4 0.00150329545447
318.5 0.00158268785302
318.6 0.00165858209747
318.7 0.00173665735116
318.8 0.00181673232519
318.9 0.00189883296978
319.0 0.0019829854153
319.1 0.00206439495069
319.2 0.00214692644418
319.3 0.00223058026635
319.4 0.00231535681601
319.5 0.00240096971414
319.6 0.00249199693616
319.7 0.00258475026497
319.8 0.00267895015796
319.9 0.00277460380747
320.0 0.0028717183287
320.1 0.00300944748615
320.2 0.0031508101969
320.3 0.00329585438992
320.4 0.00344462793807
320.5 0.00359678335877
320.6 0.00375886763539
320.7 0.00392563201819
320.8 0.00409673665014
320.9 0.00427223660806
321.0 0.00445218658058
321.1 0.00461925865724
321.2 0.00478936542422
321.3 0.00496252878035
321.4 0.00513876989287
321.5 0.00531756805764
321.6 0.00546280842801
321.7 0.00560950275754
321.8 0.00575709333538
321.9 0.00590556344901
322.0 0.00605489631483
322.1 0.00622905698547
322.2 0.00640501760376
322.3 0.00658277676886
322.4 0.00676233305397
322.5 0.00694302726583
322.6 0.00718555756686
322.7 0.0074337858414
322.8 0.00768710842449
322.9 0.00794557949542
323.0 0.00820925333365
323.1 0.00852570625169
323.2 0.00884975912679
323.3 0.00918150565123
323.4 0.00952103973056
323.5 0.00986758098967
323.6 0.0101588445492
323.7 0.0104559254164
323.8 0.0107579869026
323.9 0.0110650665433
324.0 0.0113772016401
324.1 0.0116278941714
324.2 0.0118802770292
324.3 0.0121343305735
324.4 0.0123900349771
324.5 0.0126463174507
324.6 0.0128980210509
324.7 0.0131520969091
324.8 0.0134074704042
324.9 0.0136641200182
325.0 0.0139220245803
325.1 0.0142778722834
325.2 0.014638786253
325.3 0.0150048009651
325.4 0.0153759516044
325.5 0.0157510377978
325.6 0.0162000285507
325.7 0.0166583328465
325.8 0.0171247923364
325.9 0.0175994863134
326.0 0.0180824954854
326.1 0.0185633149735
326.2 0.0190521258578
326.3 0.0195490089329
326.4 0.0200540469462
326.5 0.0205657977286
326.6 0.020983320789
326.7 0.0214067858234
326.8 0.0218346848922
326.9 0.0222670370974
327.0 0.0227038615701
327.1 0.0230800872062
327.2 0.0234582363619
327.3 0.0238382927804
327.4 0.0242202401191
327.5 0.0246023289028
327.6 0.0250086485237
327.7 0.0254193399988
327.8 0.0258326639156
327.9 0.0262486138547
328.0 0.0266671833438
328.1 0.027245115692
328.2 0.0278310174088
328.3 0.0284249493247
328.4 0.0290269724274
328.5 0.0296351621238
328.6 0.0303178056628
328.7 0.0310128398961
328.8 0.0317183783097
328.9 0.0324345205055
329.0 0.0331613663945
329.1 0.0337877908459
329.2 0.0344217737027
329.3 0.0350633760366
329.4 0.0357126586637
329.5 0.036367358569
329.6 0.0369060026112
329.7 0.0374511728029
329.8 0.0380005621501
329.9 0.0385541862572
330.0 0.0391120597492
330.1 0.0395848180221
330.2 0.0400597758634
330.3 0.0405369234215
330.4 0.0410162494676
330.5 0.0414952080353
330.6 0.0420296189707
330.7 0.042570116581
330.8 0.0431141654166
330.9 0.0436617615587
331.0 0.0442128992418
331.1 0.0448768824859
331.2 0.0455474625695
331.3 0.0461483603803
331.4 0.0467543021384
331.5 0.047343035718
331.6 0.0480363942464
331.7 0.0487335613666
331.8 0.0494373543172
331.9 0.05014780831
332.0 0.0508649586322
332.1 0.051475466739
332.2 0.0520907652732
332.3 0.0527078309182
332.4 0.0533296719076
332.5 0.0539594143379
332.6 0.0544842761979
332.7 0.0550089386735
332.8 0.0555365150693
332.9 0.0560670141941
333.0 0.0566004448671
333.1 0.0570031994055
333.2 0.0574068886216
333.3 0.0578082374309
333.4 0.0582104809546
333.5 0.058616918585
333.6 0.0590955639926
333.7 0.0595727196172
333.8 0.0600518026007
333.9 0.060532921811
334.0 0.0610161808268
334.1 0.0616489357937
334.2 0.0622864901073
334.3 0.0629254593757
334.4 0.0635693738297
334.5 0.0642218719104
334.6 0.0649053540369
334.7 0.0655584214391
334.8 0.0662165985433
334.9 0.0667808675809
335.0 0.0673486591259
335.1 0.0678263315631
335.2 0.0683067043623
335.3 0.0687897750228
335.4 0.0692755314123
335.5 0.0697639514402
335.6 0.0701732818519
335.7 0.0705843516571
335.8 0.0709971123001
335.9 0.0714115037357
336.0 0.0718274541237
336.1 0.0721432975676
336.2 0.0724596422392
336.3 0.0727763766454
336.4 0.0730933769439
336.5 0.073410506714
336.6 0.07372761673
336.7 0.0740451372161
336.8 0.0743630751795
336.9 0.0746814377559
337.0 0.0750002322091
337.1 0.0753228323803
337.2 0.0756461391913
337.3 0.0759701615715
337.4 0.0762949085838
337.5 0.0766203894244
337.6 0.0770956769916
337.7 0.0775728238241
337.8 0.0780518287007
337.9 0.0785326894827
338.0 0.0790154030871
338.1 0.0794586906487
338.2 0.0799034897951
338.3 0.0803497934167
338.4 0.0807975933767
338.5 0.0812468804863
338.6 0.0816051853252
338.7 0.0819645087115
338.8 0.0823247966257
338.9 0.0826859982828
339.0 0.0830480662168
339.1 0.083355220158
339.2 0.0836628163607
339.3 0.0839708175689
339.4 0.084279190283
339.5 0.0845879048337
339.6 0.0848332006761
339.7 0.085078377096
339.8 0.0853234396199
339.9 0.0855683964758
340.0 0.0858132586307
340.1 0.0860393213938
340.2 0.0862653117599
340.3 0.0864912491231
340.4 0.086717155743
340.5 0.0869430567775
340.6 0.0872341046953
340.7 0.0875254463439
340.8 0.0878171154403
340.9 0.0881091488477
341.0 0.0884015866222
341.1 0.0886480530211
341.2 0.0888947985802
341.3 0.0891418728407
341.4 0.0893893286092
341.5 0.0896372219967
341.6 0.0898856866462
341.7 0.0901345025591
341.8 0.0903836337311
341.9 0.0906330437628
342.0 0.0908826958585
342.1 0.0910749564381
342.2 0.0912671397236
342.3 0.0914592074455
342.4 0.0916511210302
342.5 0.0918428416002
342.6 0.0919671492361
342.7 0.0920911091659
342.8 0.0922147391284
342.9 0.0923380569612
343.0 0.0924610806009
343.1 0.0925412737588
343.2 0.0926211431336
343.3 0.0927007070288
343.4 0.0927799838099
343.5 0.0928589919045
343.6 0.0929380562419
343.7 0.0930170865802
343.8 0.0930959999432
343.9 0.0931747206504
344.0 0.0932531803505
344.1 0.0933681540874
344.2 0.0934827889559
344.3 0.0935970382541
344.4 0.0937108626755
344.5 0.0938242303555
344.6 0.0940049763802
344.7 0.094185156375
344.8 0.0943647404065
344.9 0.0945437031497
345.0 0.0947220239345
345.1 0.0948560809485
345.2 0.094989440526
345.3 0.0951220973004
345.4 0.0952540507363
345.5 0.0953853051615
345.6 0.0954818328342
345.7 0.0955777993547
345.8 0.0956732439196
345.9 0.0957682136633
346.0 0.0958627636937
346.1 0.0959486653636
346.2 0.0960342876053
346.3 0.0961197096893
346.4 0.096205018971
346.5 0.0962903109218
346.6 0.0963756494686
346.7 0.0964607214452
346.8 0.0965455296469
346.9 0.0966300759026
347.0 0.0967143610688
347.1 0.0967991708045
347.2 0.0968837273912
347.3 0.0969680287324
347.4 0.0970520717432
347.5 0.0971358523457
347.6 0.0972193654695
347.7 0.0973026603619
347.8 0.0973857463639
347.9 0.0974686328494
348.0 0.097551329225
348.1 0.0976465711251
348.2 0.0977417161507
348.3 0.0978367739813
348.4 0.0979317543341
348.5 0.0980266669633
348.6 0.0981562503307
348.7 0.0982860352312
348.8 0.0984158677206
348.9 0.0985456030449
349.0 0.0986751057035
349.1 0.0987825315762
349.2 0.0988895459755
349.3 0.0989960421884
349.4 0.0991019231088
349.5 0.0992071012938
349.6 0.0993114581485
349.7 0.09941499675
349.8 0.0995176893417
349.9 0.0996195181764
350.0 0.0997204755681
350.1 0.0997662064395
350.2 0.0998110051358
350.3 0.0998548957614
350.4 0.0998979126083
350.5 0.0999401001764
350.6 0.100016018856
350.7 0.1000912588
350.8 0.100165880937
350.9 0.100239957571
351.0 0.100313572418
351.1 0.10035916362
351.2 0.100404561652
351.3 0.100449884915
351.4 0.100495263235
351.5 0.100540837892
351.6 0.100621214998
351.7 0.100701456995
351.8 0.10078156715
351.9 0.100861547722
352.0 0.100941399951
352.1 0.10106978625
352.2 0.101198065874
352.3 0.101326236781
352.4 0.101454295892
352.5 0.101582239088
352.6 0.101675501204
352.7 0.101768677593
352.8 0.101861778358
352.9 0.101954813637
353.0 0.102047793609
353.1 0.102120537495
353.2 0.102193244166
353.3 0.102265923929
353.4 0.102338587119
353.5 0.102411244102
353.6 0.102449179192
353.7 0.102486986781
353.8 0.102524702085
353.9 0.102562356216
354.0 0.102599976172
354.1 0.102685135943
354.2 0.102770301962
354.3 0.102855488868
354.4 0.102940707171
354.5 0.103025963237
354.6 0.103111259273
354.7 0.10319665202
354.8 0.103282152737
354.9 0.103367769578
355.0 0.103453507572
355.1 0.103525276786
355.2 0.103597166116
355.3 0.103669171096
355.4 0.103741284098
355.5 0.103813494308
355.6 0.103885787723
355.7 0.103958147137
355.8 0.104030552131
355.9 0.104102979059
356.0 0.104175401043
356.1 0.104210879187
356.2 0.104246291478
356.3 0.104281601372
356.4 0.104316769102
356.5 0.104351751676
356.6 0.104421171251
356.7 0.104490488173
356.8 0.104559702242
356.9 0.104628813258
357.0 0.104697821023
357.1 0.104791440363
357.2 0.104885023213
357.3 0.104978569435
357.4 0.105072078894
357.5 0.105165551453
357.6 0.105258986978
357.7 0.105352385331
357.8 0.105445746377
357.9 0.10553906998
358.0 0.105632356004
358.1 0.105703667567
358.2 0.105774873436
358.3 0.105845973403
358.4 0.105916967259
358.5 0.105987854797
358.6 0.106023754323
358.7 0.106059462049
358.8 0.106095021358
358.9 0.106130472467
359.0 0.106165852417
359.1 0.106254943924
359.2 0.106344095943
359.3 0.10643333612
359.4 0.106522688953
359.5 0.106612175779
359.6 0.106701814762
359.7 0.106791620873
359.8 0.106881605884
359.9 0.106971778351
360.0 0.1070621436
360.1 0.107108293667
360.2 0.107154626864
360.3 0.10720113854
360.4 0.107247820771
360.5 0.107294662357
360.6 0.107376444473
360.7 0.107458333135
360.8 0.107540322024
360.9 0.107622400435
361.0 0.107704553261
361.1 0.107821197393
361.2 0.107937941787
361.3 0.108054758124
361.4 0.108171613578
361.5 0.10828847079
361.6 0.108405332477
361.7 0.108522321504
361.8 0.108639427104
361.9 0.108756638463
362.0 0.108873944724
362.1 0.108949926919
362.2 0.10902595255
362.3 0.109102010616
362.4 0.109178090081
362.5 0.109254179884
362.6 0.109365310647
362.7 0.109476426769
362.8 0.109587531963
362.9 0.109698628842
363.0 0.109809718921
363.1 0.109921444164
363.2 0.110033164463
363.3 0.110144877993
363.4 0.110256581803
363.5 0.110368271815
363.6 0.110444769925
363.7 0.110521308569
363.8 0.110597883872
363.9 0.110674493074
364.0 0.110751134528
364.1 0.110860116977
364.2 0.110969157811
364.3 0.111078258763
364.4 0.1111874227
364.5 0.111296653629
364.6 0.111405956701
364.7 0.111515274802
364.8 0.111624596535
364.9 0.11173391046
365.0 0.111843205093
365.1 0.111941165769
365.2 0.112039102991
365.3 0.112137005222
365.4 0.112234860885
365.5 0.112332658365
365.6 0.112465851532
365.7 0.11259903653
365.8 0.112732235894
365.9 0.112865472271
366.0 0.112998768411
366.1 0.113129305302
366.2 0.11325994282
366.3 0.11339070403
366.4 0.113521612105
366.5 0.113652690323
366.6 0.113748306342
366.7 0.113844067163
366.8 0.113939961501
366.9 0.114035978028
367.0 0.114132105383
367.1 0.114265934939
367.2 0.1143998963
367.3 0.114533978031
367.4 0.114668168647
367.5 0.114802456609
367.6 0.114936830325
367.7 0.115071278147
367.8 0.115205788375
367.9 0.115340349255
368.0 0.115474948978
368.1 0.115602010389
368.2 0.115729093398
368.3 0.115856186075
368.4 0.115983276435
368.5 0.116110352445
368.6 0.116273832429
368.7 0.116437582032
368.8 0.116601513831
368.9 0.116765548192
369.0 0.116929613328
369.1 0.117054450717
369.2 0.117179142541
369.3 0.117303641155
369.4 0.117427907041
369.5 0.117551908858
369.6 0.117712044286
369.7 0.117871864495
369.8 0.118031342589
369.9 0.118190458721
370.0 0.118349200139
370.1 0.118533289628
370.2 0.11871705559
370.3 0.118900506569
370.4 0.119083658416
370.5 0.119266534339
370.6 0.119412483094
370.7 0.119558189411
370.8 0.119703682926
370.9 0.119849001929
371.0 0.11999419341
371.1 0.120173787316
371.2 0.120353434415
371.3 0.12053320811
371.4 0.120713190805
371.5 0.120893473978
371.6 0.121037048712
371.7 0.121180623439
371.8 0.121324210094
371.9 0.121467820668
372.0 0.121611467214
372.1 0.121786098934
372.2 0.121960840475
372.3 0.122135704061
372.4 0.122310701986
372.5 0.122485846614
372.6 0.122623776481
372.7 0.122761816653
372.8 0.122899979655
372.9 0.12303827807
373.0 0.123176724535
373.1 0.12338747505
373.2 0.123598535423
373.3 0.12380991872
373.4 0.124021638089
373.5 0.124233706771
373.6 0.124408085731
373.7 0.124582488094
373.8 0.124757007555
373.9 0.124931729479
374.0 0.12510673084
374.1 0.125314722462
374.2 0.125523188534
374.3 0.125732180763
374.4 0.12594174226
374.5 0.12615190747
374.6 0.126324549107
374.7 0.126497827432
374.8 0.126671771485
374.9 0.12684640275
375.0 0.127021735105
375.1 0.127267457332
375.2 0.127514035851
375.3 0.127761462405
375.4 0.128009720879
375.5 0.12825878722
375.6 0.128469950513
375.7 0.128681711099
375.8 0.128894037691
375.9 0.129106889625
376.0 0.129320216796
376.1 0.129568315386
376.2 0.129816851986
376.3 0.13006574781
376.4 0.130314914226
376.5 0.130564252662
376.6 0.130774566
376.7 0.130985203299
376.8 0.131196151943
376.9 0.131407399234
377.0 0.131618932387
377.1 0.131868262192
377.2 0.132117947377
377.3 0.132367975016
377.4 0.132618332086
377.5 0.13286900546
377.6 0.133080327466
377.7 0.13329183684
377.8 0.133503520089
377.9 0.133715363639
378.0 0.133927353827
378.1 0.134202095002
378.2 0.134477090222
378.3 0.134752325529
378.4 0.135027786854
378.5 0.135303460015
378.6 0.135539067569
378.7 0.135774783364
378.8 0.136010634489
378.9 0.136246648224
379.0 0.136482852036
379.1 0.136752580609
379.2 0.137022604691
379.3 0.137089276042
379.4 0.137155496181
379.5 0.137145558599
379.6 0.137175542122
379.7 0.137212391448
379.8 0.13724851727
379.9 0.137283903595
380.0 0.137318534414
380.1 0.137307026222
380.2 0.137294725114
380.3 0.137289320681
380.4 0.137283122832
380.5 0.137268380516
380.6 0.137293142882
380.7 0.137324735836
380.8 0.137355426365
380.9 0.13738521568
381.0 0.1374141036
381.1 0.137395572421
381.2 0.137376135371
381.3 0.137363658805
381.4 0.137350298609
381.5 0.137328147313
381.6 0.137345377197
381.7 0.137369682406
381.8 0.137393154754
381.9 0.137415788492
382.0 0.137437579256
382.1 0.137432906655
382.2 0.137427308962
382.3 0.137428828
382.4 0.137429458055
382.5 0.137421126794
382.6 0.137452045248
382.7 0.137417068126
382.8 0.137380763699
382.9 0.137114803837
383.0 0.136846356362
383.1 0.136559745299
383.2 0.136270591476
383.3 0.135978866436
383.4 0.13568454333
383.5 0.135395862829
383.6 0.135104683687
383.7 0.134802716869
383.8 0.134498192452
383.9 0.13419108033
384.0 0.133881356084
384.1 0.13354987914
384.2 0.13321593238
384.3 0.132879508196
384.4 0.132540604424
384.5 0.132207670964
384.6 0.131910517431
384.7 0.131602165578
384.8 0.131291057679
384.9 0.130977193322
385.0 0.130660576055
385.1 0.130344342871
385.2 0.130025228284
385.3 0.129703248992
385.4 0.129378425453
385.5 0.129059429614
385.6 0.128774825048
385.7 0.12847852532
385.8 0.128179190097
385.9 0.127876833715
386.0 0.127571472921
386.1 0.127210944449
386.2 0.126847841185
386.3 0.126482188895
386.4 0.126114015557
386.5 0.125752209604
386.6 0.125387983762
386.7 0.125012333406
386.8 0.124634112861
386.9 0.124253318162
387.0 0.123869945343
387.1 0.12351528277
387.2 0.123157817281
387.3 0.122797543144
387.4 0.12243445462
387.5 0.12207761024
387.6 0.121683177331
387.7 0.12127710073
387.8 0.120868440953
387.9 0.120457194244
388.0 0.120043356844
388.1 0.119649929441
388.2 0.119253670608
388.3 0.118854576168
388.4 0.118452641945
388.5 0.118057130408
388.6 0.117692227327
388.7 0.117314860034
388.8 0.116934337628
388.9 0.116550698396
389.0 0.116163976516
389.1 0.115734827639
389.2 0.11530296397
389.3 0.114868410172
389.4 0.114431186959
389.5 0.114000801738
389.6 0.113567772191
389.7 0.113122592283
389.8 0.112674773896
389.9 0.112224333325
390.0 0.111771281937
390.1 0.111334118705
390.2 0.110894239907
390.3 0.110451640612
390.4 0.110006311314
390.5 0.109567948048
390.6 0.109096015485
390.7 0.108611879131
390.8 0.108125224004
390.9 0.107636021018
391.0 0.107144237107
391.1 0.106659922373
391.2 0.106172798658
391.3 0.105682821906
391.4 0.105189944502
391.5 0.104704034294
391.6 0.104215203782
391.7 0.103713594303
391.8 0.103209098651
391.9 0.102701691103
392.0 0.102191346338
392.1 0.101691508505
392.2 0.101188579752
392.3 0.100682534086
392.4 0.10017334593
392.5 0.0996711316713
392.6 0.0991379312043
392.7 0.0985917508422
392.8 0.0980427258824
392.9 0.0974908511483
393.0 0.09693612251
393.1 0.0963992623464
393.2 0.0958592537661
393.3 0.0953160948189
393.4 0.0947697844905
393.5 0.0942306776944
393.6 0.0937145856436
393.7 0.0931845911454
393.8 0.0926510885485
393.9 0.0921141143169
394.0 0.0915737020878
394.1 0.0909873607392
394.2 0.0903982397051
394.3 0.0898063671329
394.4 0.0892117684564
394.5 0.0886250523335
394.6 0.0880356223448
394.7 0.0874328461575
394.8 0.0868273359791
394.9 0.0862191128157
395.0 0.0856081925041
395.1 0.0849751992152
395.2 0.0843398506276
395.3 0.0837021486486
395.4 0.0830620906148
395.5 0.0824304531329
395.6 0.0817966468135
395.7 0.081149771519
395.8 0.0805005340327
395.9 0.0798488595068
396.0 0.0791946751637
396.1 0.078574348182
396.2 0.0779507244366
396.3 0.077323734703
396.4 0.0766933117948
396.5 0.0760703897785
396.6 0.0754231606863
396.7 0.0747618728553
396.8 0.0740974708702
396.9 0.0734299065259
397.0 0.0727591378343
397.1 0.0720753692509
397.2 0.0713885452852
397.3 0.0706986417889
397.4 0.0700056400837
397.5 0.0693207292058
397.6 0.0686327371486
397.7 0.0679304961912
397.8 0.0672252299864
397.9 0.0665169645698
398.0 0.0658057305092
398.1 0.0650899737803
398.2 0.0643713570821
398.3 0.0636499229865
398.4 0.0629257173821
398.5 0.062210182971
398.6 0.0615089507481
398.7 0.0607931227649
398.8 0.0600741030922
398.9 0.0593519032533
399.0 0.0586265359138
399.1 0.0578812138196
399.2 0.0571331949716
399.3 0.0563824967543
399.4 0.0556291371924
399.5 0.054884733461
399.6 0.0541377436755
399.7 0.0533764598112
399.8 0.0526124774131
399.9 0.0518457933916
400.0 0.0510764046557
400.1 0.0503023244644
400.2 0.0495255949856
400.3 0.0487462134206
400.4 0.0479641769702
400.5 0.0471912688651
400.6 0.0464157374356
400.7 0.0456257567105
400.8 0.0448331099172
400.9 0.0440377942511
401.0 0.0432398069062
401.1 0.0424443679903
401.2 0.0416460595125
401.3 0.0408448773272
401.4 0.0400408172867
401.5 0.0392458550504
401.6 0.0384375764671
401.7 0.037614881596
401.8 0.0367897477118
401.9 0.0359621722789
402.0 0.0351321527609
402.1 0.0343002104497
402.2 0.0334657931317
402.3 0.0326288981808
402.4 0.0317895229697
402.5 0.0309598155042
402.6 0.0301276570016
402.7 0.0292808597408
402.8 0.0284315717241
402.9 0.0275797903192
403.0 0.0267255128921
403.1 0.0258702332566
403.2 0.0250123530082
403.3 0.0241518690654
403.4 0.0232887783456
403.5 0.0226572935293
403.6 0.0220238828138
403.7 0.0215987203605
403.8 0.0211722431344
403.9 0.0207568491252
404.0 0.0203401734927
404.1 0.019920156302
404.2 0.0194989415273
404.3 0.0190640596965
404.4 0.0186279441787
404.5 0.0182030959141
404.6 0.0177818487381
404.7 0.0173466220203
404.8 0.0169099158909
404.9 0.0164843117974
405.0 0.0160572650473
405.1 0.0156250766931
405.2 0.0151916493093
405.3 0.0147443255482
405.4 0.0142957253245
405.5 0.0138585382963
405.6 0.0134201071143
405.7 0.0129677045897
405.8 0.012514020379
405.9 0.012071814072
406.0 0.0116283584782
406.1 0.0111840290298
406.2 0.010738417627
406.3 0.010278690549
406.4 0.00981764273002
406.5 0.00936814105748
406.6 0.0089173518086
406.7 0.00845236920227
406.8 0.00798606012383
406.9 0.00753136361958
407.0 0.00707537390643
407.1 0.00661693173503
407.2 0.00615735579266
407.3 0.00568363891239
407.4 0.00520875430999
407.5 0.00474573856818
407.6 0.00428158451854
407.7 0.00380322154105
407.8 0.00332368621695
407.9 0.0028560786619
408.0 0.00238732825445
408.1 0.0019174575984
408.2 0.00144643017208
408.3 0.000961079321074
408.4 0.000474537098862
408.5 0.000237558833748
408.6 0.0
408.7 0.0
408.8 0.0
408.9 0.0
409.0 0.0
409.1 0.0
409.2 0.0
409.3 0.0
409.4 0.0
409.5 0.0
409.6 0.0
409.7 0.0
409.8 0.0
409.9 0.0
410.0 0.0
410.1 0.0
410.2 0.0
410.3 0.0
410.4 0.0
410.5 0.0
410.6 0.0
410.7 0.0
410.8 0.0
410.9 0.0
411.0 0.0
411.1 0.0
411.2 0.0
411.3 0.0
411.4 0.0
411.5 0.0
411.6 0.0
411.7 0.0
411.8 0.0
411.9 0.0
412.0 0.0
412.1 0.0
412.2 0.0
412.3 0.0
412.4 0.0
412.5 0.0
412.6 0.0
412.7 0.0
412.8 0.0
412.9 0.0
413.0 0.0
413.1 0.0
413.2 0.0
413.3 0.0
413.4 0.0
413.5 0.0
413.6 0.0
413.7 0.0
413.8 0.0
413.9 0.0
414.0 0.0
414.1 0.0
414.2 0.0
414.3 0.0
414.4 0.0
414.5 0.0
414.6 0.0
414.7 0.0
414.8 0.0
414.9 0.0
415.0 0.0
415.1 0.0
415.2 0.0
415.3 0.0
415.4 0.0
415.5 0.0
415.6 0.0
415.7 0.0
415.8 0.0
415.9 0.0
416.0 0.0
416.1 0.0
416.2 0.0
416.3 0.0
416.4 0.0
416.5 0.0
416.6 0.0
416.7 0.0
416.8 0.0
416.9 0.0
417.0 0.0
417.1 0.0
417.2 0.0
417.3 0.0
417.4 0.0
417.5 0.0
417.6 0.0
417.7 0.0
417.8 0.0
417.9 0.0
418.0 0.0
418.1 0.0
418.2 0.0
418.3 0.0
418.4 0.0
418.5 0.0
418.6 0.0
418.7 0.0
418.8 0.0
418.9 0.0
419.0 0.0
419.1 0.0
419.2 0.0
419.3 0.0
419.4 0.0
419.5 0.0
419.6 0.0
419.7 0.0
419.8 0.0
419.9 0.0
420.0 0.0
420.1 0.0
420.2 0.0
420.3 0.0
420.4 0.0
420.5 0.0
420.6 0.0
420.7 0.0
420.8 0.0
420.9 0.0
421.0 0.0
421.1 0.0
421.2 0.0
421.3 0.0
421.4 0.0
421.5 0.0
421.6 0.0
421.7 0.0
421.8 0.0
421.9 0.0
422.0 0.0
422.1 0.0
422.2 0.0
422.3 0.0
422.4 0.0
422.5 0.0
422.6 0.0
422.7 0.0
422.8 0.0
422.9 0.0
423.0 0.0
423.1 0.0
423.2 0.0
423.3 0.0
423.4 0.0
423.5 0.0
423.6 0.0
423.7 0.0
423.8 0.0
423.9 0.0
424.0 0.0
424.1 0.0
424.2 0.0
424.3 0.0
424.4 0.0
424.5 0.0
424.6 0.0
424.7 0.0
424.8 0.0
424.9 0.0
425.0 0.0
425.1 0.0
425.2 0.0
425.3 0.0
425.4 0.0
425.5 0.0
425.6 0.0
425.7 0.0
425.8 0.0
425.9 0.0
426.0 0.0
426.1 0.0
426.2 0.0
426.3 0.0
426.4 0.0
426.5 0.0
426.6 0.0
426.7 0.0
426.8 0.0
426.9 0.0
427.0 0.0
427.1 0.0
427.2 0.0
427.3 0.0
427.4 0.0
427.5 0.0
427.6 0.0
427.7 0.0
427.8 0.0
427.9 0.0
428.0 0.0
428.1 0.0
428.2 0.0
428.3 0.0
428.4 0.0
428.5 0.0
428.6 0.0
428.7 0.0
428.8 0.0
428.9 0.0
429.0 0.0
429.1 0.0
429.2 0.0
429.3 0.0
429.4 0.0
429.5 0.0
429.6 0.0
429.7 0.0
429.8 0.0
429.9 0.0
430.0 0.0
430.1 0.0
430.2 0.0
430.3 0.0
430.4 0.0
430.5 0.0
430.6 0.0
430.7 0.0
430.8 0.0
430.9 0.0
431.0 0.0
431.1 0.0
431.2 0.0
431.3 0.0
431.4 0.0
431.5 0.0
431.6 0.0
431.7 0.0
431.8 0.0
431.9 0.0
432.0 0.0
432.1 0.0
432.2 0.0
432.3 0.0
432.4 0.0
432.5 0.0
432.6 0.0
432.7 0.0
432.8 0.0
432.9 0.0
433.0 0.0
433.1 0.0
433.2 0.0
433.3 0.0
433.4 0.0
433.5 0.0
433.6 0.0
433.7 0.0
433.8 0.0
433.9 0.0
434.0 0.0
434.1 0.0
434.2 0.0
434.3 0.0
434.4 0.0
434.5 0.0
434.6 0.0
434.7 0.0
434.8 0.0
434.9 0.0
435.0 0.0
435.1 0.0
435.2 0.0
435.3 0.0
435.4 0.0
435.5 0.0
435.6 0.0
435.7 0.0
435.8 0.0
435.9 0.0
436.0 0.0
436.1 0.0
436.2 0.0
436.3 0.0
436.4 0.0
436.5 0.0
436.6 0.0
436.7 0.0
436.8 0.0
436.9 0.0
437.0 0.0
437.1 0.0
437.2 0.0
437.3 0.0
437.4 0.0
437.5 0.0
437.6 0.0
437.7 0.0
437.8 0.0
437.9 0.0
438.0 0.0
438.1 0.0
438.2 0.0
438.3 0.0
438.4 0.0
438.5 0.0
438.6 0.0
438.7 0.0
438.8 0.0
438.9 0.0
439.0 0.0
439.1 0.0
439.2 0.0
439.3 0.0
439.4 0.0
439.5 0.0
439.6 0.0
439.7 0.0
439.8 0.0
439.9 0.0
440.0 0.0
440.1 0.0
440.2 0.0
440.3 0.0
440.4 0.0
440.5 0.0
440.6 0.0
440.7 0.0
440.8 0.0
440.9 0.0
441.0 0.0
441.1 0.0
441.2 0.0
441.3 0.0
441.4 0.0
441.5 0.0
441.6 0.0
441.7 0.0
441.8 0.0
441.9 0.0
442.0 0.0
442.1 0.0
442.2 0.0
442.3 0.0
442.4 0.0
442.5 0.0
442.6 0.0
442.7 0.0
442.8 0.0
442.9 0.0
443.0 0.0
443.1 0.0
443.2 0.0
443.3 0.0
443.4 0.0
443.5 0.0
443.6 0.0
443.7 0.0
443.8 0.0
443.9 0.0
444.0 0.0
444.1 0.0
444.2 0.0
444.3 0.0
444.4 0.0
444.5 0.0
444.6 0.0
444.7 0.0
444.8 0.0
444.9 0.0
445.0 0.0
445.1 0.0
445.2 0.0
445.3 0.0
445.4 0.0
445.5 0.0
445.6 0.0
445.7 0.0
445.8 0.0
445.9 0.0
446.0 0.0
446.1 0.0
446.2 0.0
446.3 0.0
446.4 0.0
446.5 0.0
446.6 0.0
446.7 0.0
446.8 0.0
446.9 0.0
447.0 0.0
447.1 0.0
447.2 0.0
447.3 0.0
447.4 0.0
447.5 0.0
447.6 0.0
447.7 0.0
447.8 0.0
447.9 0.0
448.0 0.0
448.1 0.0
448.2 0.0
448.3 0.0
448.4 0.0
448.5 0.0
448.6 0.0
448.7 0.0
448.8 0.0
448.9 0.0
449.0 0.0
449.1 0.0
449.2 0.0
449.3 0.0
449.4 0.0
449.5 0.0
449.6 0.0
449.7 0.0
449.8 0.0
449.9 0.0
450.0 0.0
450.1 0.0
450.2 0.0
450.3 0.0
450.4 0.0
450.5 0.0
450.6 0.0
450.7 0.0
450.8 0.0
450.9 0.0
451.0 0.0
451.1 0.0
451.2 0.0
451.3 0.0
451.4 0.0
451.5 0.0
451.6 0.0
451.7 0.0
451.8 0.0
451.9 0.0
452.0 0.0
452.1 0.0
452.2 0.0
452.3 0.0
452.4 0.0
452.5 0.0
452.6 0.0
452.7 0.0
452.8 0.0
452.9 0.0
453.0 0.0
453.1 0.0
453.2 0.0
453.3 0.0
453.4 0.0
453.5 0.0
453.6 0.0
453.7 0.0
453.8 0.0
453.9 0.0
454.0 0.0
454.1 0.0
454.2 0.0
454.3 0.0
454.4 0.0
454.5 0.0
454.6 0.0
454.7 0.0
454.8 0.0
454.9 0.0
455.0 0.0
455.1 0.0
455.2 0.0
455.3 0.0
455.4 0.0
455.5 0.0
455.6 0.0
455.7 0.0
455.8 0.0
455.9 0.0
456.0 0.0
456.1 0.0
456.2 0.0
456.3 0.0
456.4 0.0
456.5 0.0
456.6 0.0
456.7 0.0
456.8 0.0
456.9 0.0
457.0 0.0
457.1 0.0
457.2 0.0
457.3 0.0
457.4 0.0
457.5 0.0
457.6 0.0
457.7 0.0
457.8 0.0
457.9 0.0
458.0 0.0
458.1 0.0
458.2 0.0
458.3 0.0
458.4 0.0
458.5 0.0
458.6 0.0
458.7 0.0
458.8 0.0
458.9 0.0
459.0 0.0
459.1 0.0
459.2 0.0
459.3 0.0
459.4 0.0
459.5 0.0
459.6 0.0
459.7 0.0
459.8 0.0
459.9 0.0
460.0 0.0
460.1 0.0
460.2 0.0
460.3 0.0
460.4 0.0
460.5 0.0
460.6 0.0
460.7 0.0
460.8 0.0
460.9 0.0
461.0 0.0
461.1 0.0
461.2 0.0
461.3 0.0
461.4 0.0
461.5 0.0
461.6 0.0
461.7 0.0
461.8 0.0
461.9 0.0
462.0 0.0
462.1 0.0
462.2 0.0
462.3 0.0
462.4 0.0
462.5 0.0
462.6 0.0
462.7 0.0
462.8 0.0
462.9 0.0
463.0 0.0
463.1 0.0
463.2 0.0
463.3 0.0
463.4 0.0
463.5 0.0
463.6 0.0
463.7 0.0
463.8 0.0
463.9 0.0
464.0 0.0
464.1 0.0
464.2 0.0
464.3 0.0
464.4 0.0
464.5 0.0
464.6 0.0
464.7 0.0
464.8 0.0
464.9 0.0
465.0 0.0
465.1 0.0
465.2 0.0
465.3 0.0
465.4 0.0
465.5 0.0
465.6 0.0
465.7 0.0
465.8 0.0
465.9 0.0
466.0 0.0
466.1 0.0
466.2 0.0
466.3 0.0
466.4 0.0
466.5 0.0
466.6 0.0
466.7 0.0
466.8 0.0
466.9 0.0
467.0 0.0
467.1 0.0
467.2 0.0
467.3 0.0
467.4 0.0
467.5 0.0
467.6 0.0
467.7 0.0
467.8 0.0
467.9 0.0
468.0 0.0
468.1 0.0
468.2 0.0
468.3 0.0
468.4 0.0
468.5 0.0
468.6 0.0
468.7 0.0
468.8 0.0
468.9 0.0
469.0 0.0
469.1 0.0
469.2 0.0
469.3 0.0
469.4 0.0
469.5 0.0
469.6 0.0
469.7 0.0
469.8 0.0
469.9 0.0
470.0 0.0
470.1 0.0
470.2 0.0
470.3 0.0
470.4 0.0
470.5 0.0
470.6 0.0
470.7 0.0
470.8 0.0
470.9 0.0
471.0 0.0
471.1 0.0
471.2 0.0
471.3 0.0
471.4 0.0
471.5 0.0
471.6 0.0
471.7 0.0
471.8 0.0
471.9 0.0
472.0 0.0
472.1 0.0
472.2 0.0
472.3 0.0
472.4 0.0
472.5 0.0
472.6 0.0
472.7 0.0
472.8 0.0
472.9 0.0
473.0 0.0
473.1 0.0
473.2 0.0
473.3 0.0
473.4 0.0
473.5 0.0
473.6 0.0
473.7 0.0
473.8 0.0
473.9 0.0
474.0 0.0
474.1 0.0
474.2 0.0
474.3 0.0
474.4 0.0
474.5 0.0
474.6 0.0
474.7 0.0
474.8 0.0
474.9 0.0
475.0 0.0
475.1 0.0
475.2 0.0
475.3 0.0
475.4 0.0
475.5 0.0
475.6 0.0
475.7 0.0
475.8 0.0
475.9 0.0
476.0 0.0
476.1 0.0
476.2 0.0
476.3 0.0
476.4 0.0
476.5 0.0
476.6 0.0
476.7 0.0
476.8 0.0
476.9 0.0
477.0 0.0
477.1 0.0
477.2 0.0
477.3 0.0
477.4 0.0
477.5 0.0
477.6 0.0
477.7 0.0
477.8 0.0
477.9 0.0
478.0 0.0
478.1 0.0
478.2 0.0
478.3 0.0
478.4 0.0
478.5 0.0
478.6 0.0
478.7 0.0
478.8 0.0
478.9 0.0
479.0 0.0
479.1 0.0
479.2 0.0
479.3 0.0
479.4 0.0
479.5 0.0
479.6 0.0
479.7 0.0
479.8 0.0
479.9 0.0
480.0 0.0
480.1 0.0
480.2 0.0
480.3 0.0
480.4 0.0
480.5 0.0
480.6 0.0
480.7 0.0
480.8 0.0
480.9 0.0
481.0 0.0
481.1 0.0
481.2 0.0
481.3 0.0
481.4 0.0
481.5 0.0
481.6 0.0
481.7 0.0
481.8 0.0
481.9 0.0
482.0 0.0
482.1 0.0
482.2 0.0
482.3 0.0
482.4 0.0
482.5 0.0
482.6 0.0
482.7 0.0
482.8 0.0
482.9 0.0
483.0 0.0
483.1 0.0
483.2 0.0
483.3 0.0
483.4 0.0
483.5 0.0
483.6 0.0
483.7 0.0
483.8 0.0
483.9 0.0
484.0 0.0
484.1 0.0
484.2 0.0
484.3 0.0
484.4 0.0
484.5 0.0
484.6 0.0
484.7 0.0
484.8 0.0
484.9 0.0
485.0 0.0
485.1 0.0
485.2 0.0
485.3 0.0
485.4 0.0
485.5 0.0
485.6 0.0
485.7 0.0
485.8 0.0
485.9 0.0
486.0 0.0
486.1 0.0
486.2 0.0
486.3 0.0
486.4 0.0
486.5 0.0
486.6 0.0
486.7 0.0
486.8 0.0
486.9 0.0
487.0 0.0
487.1 0.0
487.2 0.0
487.3 0.0
487.4 0.0
487.5 0.0
487.6 0.0
487.7 0.0
487.8 0.0
487.9 0.0
488.0 0.0
488.1 0.0
488.2 0.0
488.3 0.0
488.4 0.0
488.5 0.0
488.6 0.0
488.7 0.0
488.8 0.0
488.9 0.0
489.0 0.0
489.1 0.0
489.2 0.0
489.3 0.0
489.4 0.0
489.5 0.0
489.6 0.0
489.7 0.0
489.8 0.0
489.9 0.0
490.0 0.0
490.1 0.0
490.2 0.0
490.3 0.0
490.4 0.0
490.5 0.0
490.6 0.0
490.7 0.0
490.8 0.0
490.9 0.0
491.0 0.0
491.1 0.0
491.2 0.0
491.3 0.0
491.4 0.0
491.5 0.0
491.6 0.0
491.7 0.0
491.8 0.0
491.9 0.0
492.0 0.0
492.1 0.0
492.2 0.0
492.3 0.0
492.4 0.0
492.5 0.0
492.6 0.0
492.7 0.0
492.8 0.0
492.9 0.0
493.0 0.0
493.1 0.0
493.2 0.0
493.3 0.0
493.4 0.0
493.5 0.0
493.6 0.0
493.7 0.0
493.8 0.0
493.9 0.0
494.0 0.0
494.1 0.0
494.2 0.0
494.3 0.0
494.4 0.0
494.5 0.0
494.6 0.0
494.7 0.0
494.8 0.0
494.9 0.0
495.0 0.0
495.1 0.0
495.2 0.0
495.3 0.0
495.4 0.0
495.5 0.0
495.6 0.0
495.7 0.0
495.8 0.0
495.9 0.0
496.0 0.0
496.1 0.0
496.2 0.0
496.3 0.0
496.4 0.0
496.5 0.0
496.6 0.0
496.7 0.0
496.8 0.0
496.9 0.0
497.0 0.0
497.1 0.0
497.2 0.0
497.3 0.0
497.4 0.0
497.5 0.0
497.6 0.0
497.7 0.0
497.8 0.0
497.9 0.0
498.0 0.0
498.1 0.0
498.2 0.0
498.3 0.0
498.4 0.0
498.5 0.0
498.6 0.0
498.7 0.0
498.8 0.0
498.9 0.0
499.0 0.0
499.1 0.0
499.2 0.0
499.3 0.0
499.4 0.0
499.5 0.0
499.6 0.0
499.7 0.0
499.8 0.0
499.9 0.0
500.0 0.0
500.1 0.0
500.2 0.0
500.3 0.0
500.4 0.0
500.5 0.0
500.6 0.0
500.7 0.0
500.8 0.0
500.9 0.0
501.0 0.0
501.1 0.0
501.2 0.0
501.3 0.0
501.4 0.0
501.5 0.0
501.6 0.0
501.7 0.0
501.8 0.0
501.9 0.0
502.0 0.0
502.1 0.0
502.2 0.0
502.3 0.0
502.4 0.0
502.5 0.0
502.6 0.0
502.7 0.0
502.8 0.0
502.9 0.0
503.0 0.0
503.1 0.0
503.2 0.0
503.3 0.0
503.4 0.0
503.5 0.0
503.6 0.0
503.7 0.0
503.8 0.0
503.9 0.0
504.0 0.0
504.1 0.0
504.2 0.0
504.3 0.0
504.4 0.0
504.5 0.0
504.6 0.0
504.7 0.0
504.8 0.0
504.9 0.0
505.0 0.0
505.1 0.0
505.2 0.0
505.3 0.0
505.4 0.0
505.5 0.0
505.6 0.0
505.7 0.0
505.8 0.0
505.9 0.0
506.0 0.0
506.1 0.0
506.2 0.0
506.3 0.0
506.4 0.0
506.5 0.0
506.6 0.0
506.7 0.0
506.8 0.0
506.9 0.0
507.0 0.0
507.1 0.0
507.2 0.0
507.3 0.0
507.4 0.0
507.5 0.0
507.6 0.0
507.7 0.0
507.8 0.0
507.9 0.0
508.0 0.0
508.1 0.0
508.2 0.0
508.3 0.0
508.4 0.0
508.5 0.0
508.6 0.0
508.7 0.0
508.8 0.0
508.9 0.0
509.0 0.0
509.1 0.0
509.2 0.0
509.3 0.0
509.4 0.0
509.5 0.0
509.6 0.0
509.7 0.0
509.8 0.0
509.9 0.0
510.0 0.0
510.1 0.0
510.2 0.0
510.3 0.0
510.4 0.0
510.5 0.0
510.6 0.0
510.7 0.0
510.8 0.0
510.9 0.0
511.0 0.0
511.1 0.0
511.2 0.0
511.3 0.0
511.4 0.0
511.5 0.0
511.6 0.0
511.7 0.0
511.8 0.0
511.9 0.0
512.0 0.0
512.1 0.0
512.2 0.0
512.3 0.0
512.4 0.0
512.5 0.0
512.6 0.0
512.7 0.0
512.8 0.0
512.9 0.0
513.0 0.0
513.1 0.0
513.2 0.0
513.3 0.0
513.4 0.0
513.5 0.0
513.6 0.0
513.7 0.0
513.8 0.0
513.9 0.0
514.0 0.0
514.1 0.0
514.2 0.0
514.3 0.0
514.4 0.0
514.5 0.0
514.6 0.0
514.7 0.0
514.8 0.0
514.9 0.0
515.0 0.0
515.1 0.0
515.2 0.0
515.3 0.0
515.4 0.0
515.5 0.0
515.6 0.0
515.7 0.0
515.8 0.0
515.9 0.0
516.0 0.0
516.1 0.0
516.2 0.0
516.3 0.0
516.4 0.0
516.5 0.0
516.6 0.0
516.7 0.0
516.8 0.0
516.9 0.0
517.0 0.0
517.1 0.0
517.2 0.0
517.3 0.0
517.4 0.0
517.5 0.0
517.6 0.0
517.7 0.0
517.8 0.0
517.9 0.0
518.0 0.0
518.1 0.0
518.2 0.0
518.3 0.0
518.4 0.0
518.5 0.0
518.6 0.0
518.7 0.0
518.8 0.0
518.9 0.0
519.0 0.0
519.1 0.0
519.2 0.0
519.3 0.0
519.4 0.0
519.5 0.0
519.6 0.0
519.7 0.0
519.8 0.0
519.9 0.0
520.0 0.0
520.1 0.0
520.2 0.0
520.3 0.0
520.4 0.0
520.5 0.0
520.6 0.0
520.7 0.0
520.8 0.0
520.9 0.0
521.0 0.0
521.1 0.0
521.2 0.0
521.3 0.0
521.4 0.0
521.5 0.0
521.6 0.0
521.7 0.0
521.8 0.0
521.9 0.0
522.0 0.0
522.1 0.0
522.2 0.0
522.3 0.0
522.4 0.0
522.5 0.0
522.6 0.0
522.7 0.0
522.8 0.0
522.9 0.0
523.0 0.0
523.1 0.0
523.2 0.0
523.3 0.0
523.4 0.0
523.5 0.0
523.6 0.0
523.7 0.0
523.8 0.0
523.9 0.0
524.0 0.0
524.1 0.0
524.2 0.0
524.3 0.0
524.4 0.0
524.5 0.0
524.6 0.0
524.7 0.0
524.8 0.0
524.9 0.0
525.0 0.0
525.1 0.0
525.2 0.0
525.3 0.0
525.4 0.0
525.5 0.0
525.6 0.0
525.7 0.0
525.8 0.0
525.9 0.0
526.0 0.0
526.1 0.0
526.2 0.0
526.3 0.0
526.4 0.0
526.5 0.0
526.6 0.0
526.7 0.0
526.8 0.0
526.9 0.0
527.0 0.0
527.1 0.0
527.2 0.0
527.3 0.0
527.4 0.0
527.5 0.0
527.6 0.0
527.7 0.0
527.8 0.0
527.9 0.0
528.0 0.0
528.1 0.0
528.2 0.0
528.3 0.0
528.4 0.0
528.5 0.0
528.6 0.0
528.7 0.0
528.8 0.0
528.9 0.0
529.0 0.0
529.1 0.0
529.2 0.0
529.3 0.0
529.4 0.0
529.5 0.0
529.6 0.0
529.7 0.0
529.8 0.0
529.9 0.0
530.0 0.0
530.1 0.0
530.2 0.0
530.3 0.0
530.4 0.0
530.5 0.0
530.6 0.0
530.7 0.0
530.8 0.0
530.9 0.0
531.0 0.0
531.1 0.0
531.2 0.0
531.3 0.0
531.4 0.0
531.5 0.0
531.6 0.0
531.7 0.0
531.8 0.0
531.9 0.0
532.0 0.0
532.1 0.0
532.2 0.0
532.3 0.0
532.4 0.0
532.5 0.0
532.6 0.0
532.7 0.0
532.8 0.0
532.9 0.0
533.0 0.0
533.1 0.0
533.2 0.0
533.3 0.0
533.4 0.0
533.5 0.0
533.6 0.0
533.7 0.0
533.8 0.0
533.9 0.0
534.0 0.0
534.1 0.0
534.2 0.0
534.3 0.0
534.4 0.0
534.5 0.0
534.6 0.0
534.7 0.0
534.8 0.0
534.9 0.0
535.0 0.0
535.1 0.0
535.2 0.0
535.3 0.0
535.4 0.0
535.5 0.0
535.6 0.0
535.7 0.0
535.8 0.0
535.9 0.0
536.0 0.0
536.1 0.0
536.2 0.0
536.3 0.0
536.4 0.0
536.5 0.0
536.6 0.0
536.7 0.0
536.8 0.0
536.9 0.0
537.0 0.0
537.1 0.0
537.2 0.0
537.3 0.0
537.4 0.0
537.5 0.0
537.6 0.0
537.7 0.0
537.8 0.0
537.9 0.0
538.0 0.0
538.1 0.0
538.2 0.0
538.3 0.0
538.4 0.0
538.5 0.0
538.6 0.0
538.7 0.0
538.8 0.0
538.9 0.0
539.0 0.0
539.1 0.0
539.2 0.0
539.3 0.0
539.4 0.0
539.5 0.0
539.6 0.0
539.7 0.0
539.8 0.0
539.9 0.0
540.0 0.0
540.1 0.0
540.2 0.0
540.3 0.0
540.4 0.0
540.5 0.0
540.6 0.0
540.7 0.0
540.8 0.0
540.9 0.0
541.0 0.0
541.1 0.0
541.2 0.0
541.3 0.0
541.4 0.0
541.5 0.0
541.6 0.0
541.7 0.0
541.8 0.0
541.9 0.0
542.0 0.0
542.1 0.0
542.2 0.0
542.3 0.0
542.4 0.0
542.5 0.0
542.6 0.0
542.7 0.0
542.8 0.0
542.9 0.0
543.0 0.0
543.1 0.0
543.2 0.0
543.3 0.0
543.4 0.0
543.5 0.0
543.6 0.0
543.7 0.0
543.8 0.0
543.9 0.0
544.0 0.0
544.1 0.0
544.2 0.0
544.3 0.0
544.4 0.0
544.5 0.0
544.6 0.0
544.7 0.0
544.8 0.0
544.9 0.0
545.0 0.0
545.1 0.0
545.2 0.0
545.3 0.0
545.4 0.0
545.5 0.0
545.6 0.0
545.7 0.0
545.8 0.0
545.9 0.0
546.0 0.0
546.1 0.0
546.2 0.0
546.3 0.0
546.4 0.0
546.5 0.0
546.6 0.0
546.7 0.0
546.8 0.0
546.9 0.0
547.0 0.0
547.1 0.0
547.2 0.0
547.3 0.0
547.4 0.0
547.5 0.0
547.6 0.0
547.7 0.0
547.8 0.0
547.9 0.0
548.0 0.0
548.1 0.0
548.2 0.0
548.3 0.0
548.4 0.0
548.5 0.0
548.6 0.0
548.7 0.0
548.8 0.0
548.9 0.0
549.0 0.0
549.1 0.0
549.2 0.0
549.3 0.0
549.4 0.0
549.5 0.0
549.6 0.0
549.7 0.0
549.8 0.0
549.9 0.0
550.0 0.0
550.1 0.0
550.2 0.0
550.3 0.0
550.4 0.0
550.5 0.0
550.6 0.0
550.7 0.0
550.8 0.0
550.9 0.0
551.0 0.0
551.1 0.0
551.2 0.0
551.3 0.0
551.4 0.0
551.5 0.0
551.6 0.0
551.7 0.0
551.8 0.0
551.9 0.0
552.0 0.0
552.1 0.0
552.2 0.0
552.3 0.0
552.4 0.0
552.5 0.0
552.6 0.0
552.7 0.0
552.8 0.0
552.9 0.0
553.0 0.0
553.1 0.0
553.2 0.0
553.3 0.0
553.4 0.0
553.5 0.0
553.6 0.0
553.7 0.0
553.8 0.0
553.9 0.0
554.0 0.0
554.1 0.0
554.2 0.0
554.3 0.0
554.4 0.0
554.5 0.0
554.6 0.0
554.7 0.0
554.8 0.0
554.9 0.0
555.0 0.0
555.1 0.0
555.2 0.0
555.3 0.0
555.4 0.0
555.5 0.0
555.6 0.0
555.7 0.0
555.8 0.0
555.9 0.0
556.0 0.0
556.1 0.0
556.2 0.0
556.3 0.0
556.4 0.0
556.5 0.0
556.6 0.0
556.7 0.0
556.8 0.0
556.9 0.0
557.0 0.0
557.1 0.0
557.2 0.0
557.3 0.0
557.4 0.0
557.5 0.0
557.6 0.0
557.7 0.0
557.8 0.0
557.9 0.0
558.0 0.0
558.1 0.0
558.2 0.0
558.3 0.0
558.4 0.0
558.5 0.0
558.6 0.0
558.7 0.0
558.8 0.0
558.9 0.0
559.0 0.0
559.1 0.0
559.2 0.0
559.3 0.0
559.4 0.0
559.5 0.0
559.6 0.0
559.7 0.0
559.8 0.0
559.9 0.0
560.0 0.0
560.1 0.0
560.2 0.0
560.3 0.0
560.4 0.0
560.5 0.0
560.6 0.0
560.7 0.0
560.8 0.0
560.9 0.0
561.0 0.0
561.1 0.0
561.2 0.0
561.3 0.0
561.4 0.0
561.5 0.0
561.6 0.0
561.7 0.0
561.8 0.0
561.9 0.0
562.0 0.0
562.1 0.0
562.2 0.0
562.3 0.0
562.4 0.0
562.5 0.0
562.6 0.0
562.7 0.0
562.8 0.0
562.9 0.0
563.0 0.0
563.1 0.0
563.2 0.0
563.3 0.0
563.4 0.0
563.5 0.0
563.6 0.0
563.7 0.0
563.8 0.0
563.9 0.0
564.0 0.0
564.1 0.0
564.2 0.0
564.3 0.0
564.4 0.0
564.5 0.0
564.6 0.0
564.7 0.0
564.8 0.0
564.9 0.0
565.0 0.0
565.1 0.0
565.2 0.0
565.3 0.0
565.4 0.0
565.5 0.0
565.6 0.0
565.7 0.0
565.8 0.0
565.9 0.0
566.0 0.0
566.1 0.0
566.2 0.0
566.3 0.0
566.4 0.0
566.5 0.0
566.6 0.0
566.7 0.0
566.8 0.0
566.9 0.0
567.0 0.0
567.1 0.0
567.2 0.0
567.3 0.0
567.4 0.0
567.5 0.0
567.6 0.0
567.7 0.0
567.8 0.0
567.9 0.0
568.0 0.0
568.1 0.0
568.2 0.0
568.3 0.0
568.4 0.0
568.5 0.0
568.6 0.0
568.7 0.0
568.8 0.0
568.9 0.0
569.0 0.0
569.1 0.0
569.2 0.0
569.3 0.0
569.4 0.0
569.5 0.0
569.6 0.0
569.7 0.0
569.8 0.0
569.9 0.0
570.0 0.0
570.1 0.0
570.2 0.0
570.3 0.0
570.4 0.0
570.5 0.0
570.6 0.0
570.7 0.0
570.8 0.0
570.9 0.0
571.0 0.0
571.1 0.0
571.2 0.0
571.3 0.0
571.4 0.0
571.5 0.0
571.6 0.0
571.7 0.0
571.8 0.0
571.9 0.0
572.0 0.0
572.1 0.0
572.2 0.0
572.3 0.0
572.4 0.0
572.5 0.0
572.6 0.0
572.7 0.0
572.8 0.0
572.9 0.0
573.0 0.0
573.1 0.0
573.2 0.0
573.3 0.0
573.4 0.0
573.5 0.0
573.6 0.0
573.7 0.0
573.8 0.0
573.9 0.0
574.0 0.0
574.1 0.0
574.2 0.0
574.3 0.0
574.4 0.0
574.5 0.0
574.6 0.0
574.7 0.0
574.8 0.0
574.9 0.0
575.0 0.0
575.1 0.0
575.2 0.0
575.3 0.0
575.4 0.0
575.5 0.0
575.6 0.0
575.7 0.0
575.8 0.0
575.9 0.0
576.0 0.0
576.1 0.0
576.2 0.0
576.3 0.0
576.4 0.0
576.5 0.0
576.6 0.0
576.7 0.0
576.8 0.0
576.9 0.0
577.0 0.0
577.1 0.0
577.2 0.0
577.3 0.0
577.4 0.0
577.5 0.0
577.6 0.0
577.7 0.0
577.8 0.0
577.9 0.0
578.0 0.0
578.1 0.0
578.2 0.0
578.3 0.0
578.4 0.0
578.5 0.0
578.6 0.0
578.7 0.0
578.8 0.0
578.9 0.0
579.0 0.0
579.1 0.0
579.2 0.0
579.3 0.0
579.4 0.0
579.5 0.0
579.6 0.0
579.7 0.0
579.8 0.0
579.9 0.0
580.0 0.0
580.1 0.0
580.2 0.0
580.3 0.0
580.4 0.0
580.5 0.0
580.6 0.0
580.7 0.0
580.8 0.0
580.9 0.0
581.0 0.0
581.1 0.0
581.2 0.0
581.3 0.0
581.4 0.0
581.5 0.0
581.6 0.0
581.7 0.0
581.8 0.0
581.9 0.0
582.0 0.0
582.1 0.0
582.2 0.0
582.3 0.0
582.4 0.0
582.5 0.0
582.6 0.0
582.7 0.0
582.8 0.0
582.9 0.0
583.0 0.0
583.1 0.0
583.2 0.0
583.3 0.0
583.4 0.0
583.5 0.0
583.6 0.0
583.7 0.0
583.8 0.0
583.9 0.0
584.0 0.0
584.1 0.0
584.2 0.0
584.3 0.0
584.4 0.0
584.5 0.0
584.6 0.0
584.7 0.0
584.8 0.0
584.9 0.0
585.0 0.0
585.1 0.0
585.2 0.0
585.3 0.0
585.4 0.0
585.5 0.0
585.6 0.0
585.7 0.0
585.8 0.0
585.9 0.0
586.0 0.0
586.1 0.0
586.2 0.0
586.3 0.0
586.4 0.0
586.5 0.0
586.6 0.0
586.7 0.0
586.8 0.0
586.9 0.0
587.0 0.0
587.1 0.0
587.2 0.0
587.3 0.0
587.4 0.0
587.5 0.0
587.6 0.0
587.7 0.0
587.8 0.0
587.9 0.0
588.0 0.0
588.1 0.0
588.2 0.0
588.3 0.0
588.4 0.0
588.5 0.0
588.6 0.0
588.7 0.0
588.8 0.0
588.9 0.0
589.0 0.0
589.1 0.0
589.2 0.0
589.3 0.0
589.4 0.0
589.5 0.0
589.6 0.0
589.7 0.0
589.8 0.0
589.9 0.0
590.0 0.0
590.1 0.0
590.2 0.0
590.3 0.0
590.4 0.0
590.5 0.0
590.6 0.0
590.7 0.0
590.8 0.0
590.9 0.0
591.0 0.0
591.1 0.0
591.2 0.0
591.3 0.0
591.4 0.0
591.5 0.0
591.6 0.0
591.7 0.0
591.8 0.0
591.9 0.0
592.0 0.0
592.1 0.0
592.2 0.0
592.3 0.0
592.4 0.0
592.5 0.0
592.6 0.0
592.7 0.0
592.8 0.0
592.9 0.0
593.0 0.0
593.1 0.0
593.2 0.0
593.3 0.0
593.4 0.0
593.5 0.0
593.6 0.0
593.7 0.0
593.8 0.0
593.9 0.0
594.0 0.0
594.1 0.0
594.2 0.0
594.3 0.0
594.4 0.0
594.5 0.0
594.6 0.0
594.7 0.0
594.8 0.0
594.9 0.0
595.0 0.0
595.1 0.0
595.2 0.0
595.3 0.0
595.4 0.0
595.5 0.0
595.6 0.0
595.7 0.0
595.8 0.0
595.9 0.0
596.0 0.0
596.1 0.0
596.2 0.0
596.3 0.0
596.4 0.0
596.5 0.0
596.6 0.0
596.7 0.0
596.8 0.0
596.9 0.0
597.0 0.0
597.1 0.0
597.2 0.0
597.3 0.0
597.4 0.0
597.5 0.0
597.6 0.0
597.7 0.0
597.8 0.0
597.9 0.0
598.0 0.0
598.1 0.0
598.2 0.0
598.3 0.0
598.4 0.0
598.5 0.0
598.6 0.0
598.7 0.0
598.8 0.0
598.9 0.0
599.0 0.0
599.1 0.0
599.2 0.0
599.3 0.0
599.4 0.0
599.5 0.0
599.6 0.0
599.7 0.0
599.8 0.0
599.9 0.0
600.0 0.0
600.1 0.0
600.2 0.0
600.3 0.0
600.4 0.0
600.5 0.0
600.6 0.0
600.7 0.0
600.8 0.0
600.9 0.0
601.0 0.0
601.1 0.0
601.2 0.0
601.3 0.0
601.4 0.0
601.5 0.0
601.6 0.0
601.7 0.0
601.8 0.0
601.9 0.0
602.0 0.0
602.1 0.0
602.2 0.0
602.3 0.0
602.4 0.0
602.5 0.0
602.6 0.0
602.7 0.0
602.8 0.0
602.9 0.0
603.0 0.0
603.1 0.0
603.2 0.0
603.3 0.0
603.4 0.0
603.5 0.0
603.6 0.0
603.7 0.0
603.8 0.0
603.9 0.0
604.0 0.0
604.1 0.0
604.2 0.0
604.3 0.0
604.4 0.0
604.5 0.0
604.6 0.0
604.7 0.0
604.8 0.0
604.9 0.0
605.0 0.0
605.1 0.0
605.2 0.0
605.3 0.0
605.4 0.0
605.5 0.0
605.6 0.0
605.7 0.0
605.8 0.0
605.9 0.0
606.0 0.0
606.1 0.0
606.2 0.0
606.3 0.0
606.4 0.0
606.5 0.0
606.6 0.0
606.7 0.0
606.8 0.0
606.9 0.0
607.0 0.0
607.1 0.0
607.2 0.0
607.3 0.0
607.4 0.0
607.5 0.0
607.6 0.0
607.7 0.0
607.8 0.0
607.9 0.0
608.0 0.0
608.1 0.0
608.2 0.0
608.3 0.0
608.4 0.0
608.5 0.0
608.6 0.0
608.7 0.0
608.8 0.0
608.9 0.0
609.0 0.0
609.1 0.0
609.2 0.0
609.3 0.0
609.4 0.0
609.5 0.0
609.6 0.0
609.7 0.0
609.8 0.0
609.9 0.0
610.0 0.0
610.1 0.0
610.2 0.0
610.3 0.0
610.4 0.0
610.5 0.0
610.6 0.0
610.7 0.0
610.8 0.0
610.9 0.0
611.0 0.0
611.1 0.0
611.2 0.0
611.3 0.0
611.4 0.0
611.5 0.0
611.6 0.0
611.7 0.0
611.8 0.0
611.9 0.0
612.0 0.0
612.1 0.0
612.2 0.0
612.3 0.0
612.4 0.0
612.5 0.0
612.6 0.0
612.7 0.0
612.8 0.0
612.9 0.0
613.0 0.0
613.1 0.0
613.2 0.0
613.3 0.0
613.4 0.0
613.5 0.0
613.6 0.0
613.7 0.0
613.8 0.0
613.9 0.0
614.0 0.0
614.1 0.0
614.2 0.0
614.3 0.0
614.4 0.0
614.5 0.0
614.6 0.0
614.7 0.0
614.8 0.0
614.9 0.0
615.0 0.0
615.1 0.0
615.2 0.0
615.3 0.0
615.4 0.0
615.5 0.0
615.6 0.0
615.7 0.0
615.8 0.0
615.9 0.0
616.0 0.0
616.1 0.0
616.2 0.0
616.3 0.0
616.4 0.0
616.5 0.0
616.6 0.0
616.7 0.0
616.8 0.0
616.9 0.0
617.0 0.0
617.1 0.0
617.2 0.0
617.3 0.0
617.4 0.0
617.5 0.0
617.6 0.0
617.7 0.0
617.8 0.0
617.9 0.0
618.0 0.0
618.1 0.0
618.2 0.0
618.3 0.0
618.4 0.0
618.5 0.0
618.6 0.0
618.7 0.0
618.8 0.0
618.9 0.0
619.0 0.0
619.1 0.0
619.2 0.0
619.3 0.0
619.4 0.0
619.5 0.0
619.6 0.0
619.7 0.0
619.8 0.0
619.9 0.0
620.0 0.0
620.1 0.0
620.2 0.0
620.3 0.0
620.4 0.0
620.5 0.0
620.6 0.0
620.7 0.0
620.8 0.0
620.9 0.0
621.0 0.0
621.1 0.0
621.2 0.0
621.3 0.0
621.4 0.0
621.5 0.0
621.6 0.0
621.7 0.0
621.8 0.0
621.9 0.0
622.0 0.0
622.1 0.0
622.2 0.0
622.3 0.0
622.4 0.0
622.5 0.0
622.6 0.0
622.7 0.0
622.8 0.0
622.9 0.0
623.0 0.0
623.1 0.0
623.2 0.0
623.3 0.0
623.4 0.0
623.5 0.0
623.6 0.0
623.7 0.0
623.8 0.0
623.9 0.0
624.0 0.0
624.1 0.0
624.2 0.0
624.3 0.0
624.4 0.0
624.5 0.0
624.6 0.0
624.7 0.0
624.8 0.0
624.9 0.0
625.0 0.0
625.1 0.0
625.2 0.0
625.3 0.0
625.4 0.0
625.5 0.0
625.6 0.0
625.7 0.0
625.8 0.0
625.9 0.0
626.0 0.0
626.1 0.0
626.2 0.0
626.3 0.0
626.4 0.0
626.5 0.0
626.6 0.0
626.7 0.0
626.8 0.0
626.9 0.0
627.0 0.0
627.1 0.0
627.2 0.0
627.3 0.0
627.4 0.0
627.5 0.0
627.6 0.0
627.7 0.0
627.8 0.0
627.9 0.0
628.0 0.0
628.1 0.0
628.2 0.0
628.3 0.0
628.4 0.0
628.5 0.0
628.6 0.0
628.7 0.0
628.8 0.0
628.9 0.0
629.0 0.0
629.1 0.0
629.2 0.0
629.3 0.0
629.4 0.0
629.5 0.0
629.6 0.0
629.7 0.0
629.8 0.0
629.9 0.0
630.0 0.0
630.1 0.0
630.2 0.0
630.3 0.0
630.4 0.0
630.5 0.0
630.6 0.0
630.7 0.0
630.8 0.0
630.9 0.0
631.0 0.0
631.1 0.0
631.2 0.0
631.3 0.0
631.4 0.0
631.5 0.0
631.6 0.0
631.7 0.0
631.8 0.0
631.9 0.0
632.0 0.0
632.1 0.0
632.2 0.0
632.3 0.0
632.4 0.0
632.5 0.0
632.6 0.0
632.7 0.0
632.8 0.0
632.9 0.0
633.0 0.0
633.1 0.0
633.2 0.0
633.3 0.0
633.4 0.0
633.5 0.0
633.6 0.0
633.7 0.0
633.8 0.0
633.9 0.0
634.0 0.0
634.1 0.0
634.2 0.0
634.3 0.0
634.4 0.0
634.5 0.0
634.6 0.0
634.7 0.0
634.8 0.0
634.9 0.0
635.0 0.0
635.1 0.0
635.2 0.0
635.3 0.0
635.4 0.0
635.5 0.0
635.6 0.0
635.7 0.0
635.8 0.0
635.9 0.0
636.0 0.0
636.1 0.0
636.2 0.0
636.3 0.0
636.4 0.0
636.5 0.0
636.6 0.0
636.7 0.0
636.8 0.0
636.9 0.0
637.0 0.0
637.1 0.0
637.2 0.0
637.3 0.0
637.4 0.0
637.5 0.0
637.6 0.0
637.7 0.0
637.8 0.0
637.9 0.0
638.0 0.0
638.1 0.0
638.2 0.0
638.3 0.0
638.4 0.0
638.5 0.0
638.6 0.0
638.7 0.0
638.8 0.0
638.9 0.0
639.0 0.0
639.1 0.0
639.2 0.0
639.3 0.0
639.4 0.0
639.5 0.0
639.6 0.0
639.7 0.0
639.8 0.0
639.9 0.0
640.0 0.0
640.1 0.0
640.2 0.0
640.3 0.0
640.4 0.0
640.5 0.0
640.6 0.0
640.7 0.0
640.8 0.0
640.9 0.0
641.0 0.0
641.1 0.0
641.2 0.0
641.3 0.0
641.4 0.0
641.5 0.0
641.6 0.0
641.7 0.0
641.8 0.0
641.9 0.0
642.0 0.0
642.1 0.0
642.2 0.0
642.3 0.0
642.4 0.0
642.5 0.0
642.6 0.0
642.7 0.0
642.8 0.0
642.9 0.0
643.0 0.0
643.1 0.0
643.2 0.0
643.3 0.0
643.4 0.0
643.5 0.0
643.6 0.0
643.7 0.0
643.8 0.0
643.9 0.0
644.0 0.0
644.1 0.0
644.2 0.0
644.3 0.0
644.4 0.0
644.5 0.0
644.6 0.0
644.7 0.0
644.8 0.0
644.9 0.0
645.0 0.0
645.1 0.0
645.2 0.0
645.3 0.0
645.4 0.0
645.5 0.0
645.6 0.0
645.7 0.0
645.8 0.0
645.9 0.0
646.0 0.0
646.1 0.0
646.2 0.0
646.3 0.0
646.4 0.0
646.5 0.0
646.6 0.0
646.7 0.0
646.8 0.0
646.9 0.0
647.0 0.0
647.1 0.0
647.2 0.0
647.3 0.0
647.4 0.0
647.5 0.0
647.6 0.0
647.7 0.0
647.8 0.0
647.9 0.0
648.0 0.0
648.1 0.0
648.2 0.0
648.3 0.0
648.4 0.0
648.5 0.0
648.6 0.0
648.7 0.0
648.8 0.0
648.9 0.0
649.0 0.0
649.1 0.0
649.2 0.0
649.3 0.0
649.4 0.0
649.5 0.0
649.6 0.0
649.7 0.0
649.8 0.0
649.9 0.0
650.0 0.0
650.1 0.0
650.2 0.0
650.3 0.0
650.4 0.0
650.5 0.0
650.6 0.0
650.7 0.0
650.8 0.0
650.9 0.0
651.0 0.0
651.1 0.0
651.2 0.0
651.3 0.0
651.4 0.0
651.5 0.0
651.6 0.0
651.7 0.0
651.8 0.0
651.9 0.0
652.0 0.0
652.1 0.0
652.2 0.0
652.3 0.0
652.4 0.0
652.5 0.0
652.6 0.0
652.7 0.0
652.8 0.0
652.9 0.0
653.0 0.0
653.1 0.0
653.2 0.0
653.3 0.0
653.4 0.0
653.5 0.0
653.6 0.0
653.7 0.0
653.8 0.0
653.9 0.0
654.0 0.0
654.1 0.0
654.2 0.0
654.3 0.0
654.4 0.0
654.5 0.0
654.6 0.0
654.7 0.0
654.8 0.0
654.9 0.0
655.0 0.0
655.1 0.0
655.2 0.0
655.3 0.0
655.4 0.0
655.5 0.0
655.6 0.0
655.7 0.0
655.8 0.0
655.9 0.0
656.0 0.0
656.1 0.0
656.2 0.0
656.3 0.0
656.4 0.0
656.5 0.0
656.6 0.0
656.7 0.0
656.8 0.0
656.9 0.0
657.0 0.0
657.1 0.0
657.2 0.0
657.3 0.0
657.4 0.0
657.5 0.0
657.6 0.0
657.7 0.0
657.8 0.0
657.9 0.0
658.0 0.0
658.1 0.0
658.2 0.0
658.3 0.0
658.4 0.0
658.5 0.0
658.6 0.0
658.7 0.0
658.8 0.0
658.9 0.0
659.0 0.0
659.1 0.0
659.2 0.0
659.3 0.0
659.4 0.0
659.5 0.0
659.6 0.0
659.7 0.0
659.8 0.0
659.9 0.0
660.0 0.0
660.1 0.0
660.2 0.0
660.3 0.0
660.4 0.0
660.5 0.0
660.6 0.0
660.7 0.0
660.8 0.0
660.9 0.0
661.0 0.0
661.1 0.0
661.2 0.0
661.3 0.0
661.4 0.0
661.5 0.0
661.6 0.0
661.7 0.0
661.8 0.0
661.9 0.0
662.0 0.0
662.1 0.0
662.2 0.0
662.3 0.0
662.4 0.0
662.5 0.0
662.6 0.0
662.7 0.0
662.8 0.0
662.9 0.0
663.0 0.0
663.1 0.0
663.2 0.0
663.3 0.0
663.4 0.0
663.5 0.0
663.6 0.0
663.7 0.0
663.8 0.0
663.9 0.0
664.0 0.0
664.1 0.0
664.2 0.0
664.3 0.0
664.4 0.0
664.5 0.0
664.6 0.0
664.7 0.0
664.8 0.0
664.9 0.0
665.0 0.0
665.1 0.0
665.2 0.0
665.3 0.0
665.4 0.0
665.5 0.0
665.6 0.0
665.7 0.0
665.8 0.0
665.9 0.0
666.0 0.0
666.1 0.0
666.2 0.0
666.3 0.0
666.4 0.0
666.5 0.0
666.6 0.0
666.7 0.0
666.8 0.0
666.9 0.0
667.0 0.0
667.1 0.0
667.2 0.0
667.3 0.0
667.4 0.0
667.5 0.0
667.6 0.0
667.7 0.0
667.8 0.0
667.9 0.0
668.0 0.0
668.1 0.0
668.2 0.0
668.3 0.0
668.4 0.0
668.5 0.0
668.6 0.0
668.7 0.0
668.8 0.0
668.9 0.0
669.0 0.0
669.1 0.0
669.2 0.0
669.3 0.0
669.4 0.0
669.5 0.0
669.6 0.0
669.7 0.0
669.8 0.0
669.9 0.0
670.0 0.0
670.1 0.0
670.2 0.0
670.3 0.0
670.4 0.0
670.5 0.0
670.6 0.0
670.7 0.0
670.8 0.0
670.9 0.0
671.0 0.0
671.1 0.0
671.2 0.0
671.3 0.0
671.4 0.0
671.5 0.0
671.6 0.0
671.7 0.0
671.8 0.0
671.9 0.0
672.0 0.0
672.1 0.0
672.2 0.0
672.3 0.0
672.4 0.0
672.5 0.0
672.6 0.0
672.7 0.0
672.8 0.0
672.9 0.0
673.0 0.0
673.1 0.0
673.2 0.0
673.3 0.0
673.4 0.0
673.5 0.0
673.6 0.0
673.7 0.0
673.8 0.0
673.9 0.0
674.0 0.0
674.1 0.0
674.2 0.0
674.3 0.0
674.4 0.0
674.5 0.0
674.6 0.0
674.7 0.0
674.8 0.0
674.9 0.0
675.0 0.0
675.1 0.0
675.2 0.0
675.3 0.0
675.4 0.0
675.5 0.0
675.6 0.0
675.7 0.0
675.8 0.0
675.9 0.0
676.0 0.0
676.1 0.0
676.2 0.0
676.3 0.0
676.4 0.0
676.5 0.0
676.6 0.0
676.7 0.0
676.8 0.0
676.9 0.0
677.0 0.0
677.1 0.0
677.2 0.0
677.3 0.0
677.4 0.0
677.5 0.0
677.6 0.0
677.7 0.0
677.8 0.0
677.9 0.0
678.0 0.0
678.1 0.0
678.2 0.0
678.3 0.0
678.4 0.0
678.5 0.0
678.6 0.0
678.7 0.0
678.8 0.0
678.9 0.0
679.0 0.0
679.1 0.0
679.2 0.0
679.3 0.0
679.4 0.0
679.5 0.0
679.6 0.0
679.7 0.0
679.8 0.0
679.9 0.0
680.0 0.0
680.1 0.0
680.2 0.0
680.3 0.0
680.4 0.0
680.5 0.0
680.6 0.0
680.7 0.0
680.8 0.0
680.9 0.0
681.0 0.0
681.1 0.0
681.2 0.0
681.3 0.0
681.4 0.0
681.5 0.0
681.6 0.0
681.7 0.0
681.8 0.0
681.9 0.0
682.0 0.0
682.1 0.0
682.2 0.0
682.3 0.0
682.4 0.0
682.5 0.0
682.6 0.0
682.7 0.0
682.8 0.0
682.9 0.0
683.0 0.0
683.1 0.0
683.2 0.0
683.3 0.0
683.4 0.0
683.5 0.0
683.6 0.0
683.7 0.0
683.8 0.0
683.9 0.0
684.0 0.0
684.1 0.0
684.2 0.0
684.3 0.0
684.4 0.0
684.5 0.0
684.6 0.0
684.7 0.0
684.8 0.0
684.9 0.0
685.0 0.0
685.1 0.0
685.2 0.0
685.3 0.0
685.4 0.0
685.5 0.0
685.6 0.0
685.7 0.0
685.8 0.0
685.9 0.0
686.0 0.0
686.1 0.0
686.2 0.0
686.3 0.0
686.4 0.0
686.5 0.0
686.6 0.0
686.7 0.0
686.8 0.0
686.9 0.0
687.0 0.0
687.1 0.0
687.2 0.0
687.3 0.0
687.4 0.0
687.5 0.0
687.6 0.0
687.7 0.0
687.8 0.0
687.9 0.0
688.0 0.0
688.1 0.0
688.2 0.0
688.3 0.0
688.4 0.0
688.5 0.0
688.6 0.0
688.7 0.0
688.8 0.0
688.9 0.0
689.0 0.0
689.1 0.0
689.2 0.0
689.3 0.0
689.4 0.0
689.5 0.0
689.6 0.0
689.7 0.0
689.8 0.0
689.9 0.0
690.0 0.0
690.1 0.0
690.2 0.0
690.3 0.0
690.4 0.0
690.5 0.0
690.6 0.0
690.7 0.0
690.8 0.0
690.9 0.0
691.0 0.0
691.1 0.0
691.2 0.0
691.3 0.0
691.4 0.0
691.5 0.0
691.6 0.0
691.7 0.0
691.8 0.0
691.9 0.0
692.0 0.0
692.1 0.0
692.2 0.0
692.3 0.0
692.4 0.0
692.5 0.0
692.6 0.0
692.7 0.0
692.8 0.0
692.9 0.0
693.0 0.0
693.1 0.0
693.2 0.0
693.3 0.0
693.4 0.0
693.5 0.0
693.6 0.0
693.7 0.0
693.8 0.0
693.9 0.0
694.0 0.0
694.1 0.0
694.2 0.0
694.3 0.0
694.4 0.0
694.5 0.0
694.6 0.0
694.7 0.0
694.8 0.0
694.9 0.0
695.0 0.0
695.1 0.0
695.2 0.0
695.3 0.0
695.4 0.0
695.5 0.0
695.6 0.0
695.7 0.0
695.8 0.0
695.9 0.0
696.0 0.0
696.1 0.0
696.2 0.0
696.3 0.0
696.4 0.0
696.5 0.0
696.6 0.0
696.7 0.0
696.8 0.0
696.9 0.0
697.0 0.0
697.1 0.0
697.2 0.0
697.3 0.0
697.4 0.0
697.5 0.0
697.6 0.0
697.7 0.0
697.8 0.0
697.9 0.0
698.0 0.0
698.1 0.0
698.2 0.0
698.3 0.0
698.4 0.0
698.5 0.0
698.6 0.0
698.7 0.0
698.8 0.0
698.9 0.0
699.0 0.0
699.1 0.0
699.2 0.0
699.3 0.0
699.4 0.0
699.5 0.0
699.6 0.0
699.7 0.0
699.8 0.0
699.9 0.0
700.0 0.0
700.1 0.0
700.2 0.0
700.3 0.0
700.4 0.0
700.5 0.0
700.6 0.0
700.7 0.0
700.8 0.0
700.9 0.0
701.0 0.0
701.1 0.0
701.2 0.0
701.3 0.0
701.4 0.0
701.5 0.0
701.6 0.0
701.7 0.0
701.8 0.0
701.9 0.0
702.0 0.0
702.1 0.0
702.2 0.0
702.3 0.0
702.4 0.0
702.5 0.0
702.6 0.0
702.7 0.0
702.8 0.0
702.9 0.0
703.0 0.0
703.1 0.0
703.2 0.0
703.3 0.0
703.4 0.0
703.5 0.0
703.6 0.0
703.7 0.0
703.8 0.0
703.9 0.0
704.0 0.0
704.1 0.0
704.2 0.0
704.3 0.0
704.4 0.0
704.5 0.0
704.6 0.0
704.7 0.0
704.8 0.0
704.9 0.0
705.0 0.0
705.1 0.0
705.2 0.0
705.3 0.0
705.4 0.0
705.5 0.0
705.6 0.0
705.7 0.0
705.8 0.0
705.9 0.0
706.0 0.0
706.1 0.0
706.2 0.0
706.3 0.0
706.4 0.0
706.5 0.0
706.6 0.0
706.7 0.0
706.8 0.0
706.9 0.0
707.0 0.0
707.1 0.0
707.2 0.0
707.3 0.0
707.4 0.0
707.5 0.0
707.6 0.0
707.7 0.0
707.8 0.0
707.9 0.0
708.0 0.0
708.1 0.0
708.2 0.0
708.3 0.0
708.4 0.0
708.5 0.0
708.6 0.0
708.7 0.0
708.8 0.0
708.9 0.0
709.0 0.0
709.1 0.0
709.2 0.0
709.3 0.0
709.4 0.0
709.5 0.0
709.6 0.0
709.7 0.0
709.8 0.0
709.9 0.0
710.0 0.0
710.1 0.0
710.2 0.0
710.3 0.0
710.4 0.0
710.5 0.0
710.6 0.0
710.7 0.0
710.8 0.0
710.9 0.0
711.0 0.0
711.1 0.0
711.2 0.0
711.3 0.0
711.4 0.0
711.5 0.0
711.6 0.0
711.7 0.0
711.8 0.0
711.9 0.0
712.0 0.0
712.1 0.0
712.2 0.0
712.3 0.0
712.4 0.0
712.5 0.0
712.6 0.0
712.7 0.0
712.8 0.0
712.9 0.0
713.0 0.0
713.1 0.0
713.2 0.0
713.3 0.0
713.4 0.0
713.5 0.0
713.6 0.0
713.7 0.0
713.8 0.0
713.9 0.0
714.0 0.0
714.1 0.0
714.2 0.0
714.3 0.0
714.4 0.0
714.5 0.0
714.6 0.0
714.7 0.0
714.8 0.0
714.9 0.0
715.0 0.0
715.1 0.0
715.2 0.0
715.3 0.0
715.4 0.0
715.5 0.0
715.6 0.0
715.7 0.0
715.8 0.0
715.9 0.0
716.0 0.0
716.1 0.0
716.2 0.0
716.3 0.0
716.4 0.0
716.5 0.0
716.6 0.0
716.7 0.0
716.8 0.0
716.9 0.0
717.0 0.0
717.1 0.0
717.2 0.0
717.3 0.0
717.4 0.0
717.5 0.0
717.6 0.0
717.7 0.0
717.8 0.0
717.9 0.0
718.0 0.0
718.1 0.0
718.2 0.0
718.3 0.0
718.4 0.0
718.5 0.0
718.6 0.0
718.7 0.0
718.8 0.0
718.9 0.0
719.0 0.0
719.1 0.0
719.2 0.0
719.3 0.0
719.4 0.0
719.5 0.0
719.6 0.0
719.7 0.0
719.8 0.0
719.9 0.0
720.0 0.0
720.1 0.0
720.2 0.0
720.3 0.0
720.4 0.0
720.5 0.0
720.6 0.0
720.7 0.0
720.8 0.0
720.9 0.0
721.0 0.0
721.1 0.0
721.2 0.0
721.3 0.0
721.4 0.0
721.5 0.0
721.6 0.0
721.7 0.0
721.8 0.0
721.9 0.0
722.0 0.0
722.1 0.0
722.2 0.0
722.3 0.0
722.4 0.0
722.5 0.0
722.6 0.0
722.7 0.0
722.8 0.0
722.9 0.0
723.0 0.0
723.1 0.0
723.2 0.0
723.3 0.0
723.4 0.0
723.5 0.0
723.6 0.0
723.7 0.0
723.8 0.0
723.9 0.0
724.0 0.0
724.1 0.0
724.2 0.0
724.3 0.0
724.4 0.0
724.5 0.0
724.6 0.0
724.7 0.0
724.8 0.0
724.9 0.0
725.0 0.0
725.1 0.0
725.2 0.0
725.3 0.0
725.4 0.0
725.5 0.0
725.6 0.0
725.7 0.0
725.8 0.0
725.9 0.0
726.0 0.0
726.1 0.0
726.2 0.0
726.3 0.0
726.4 0.0
726.5 0.0
726.6 0.0
726.7 0.0
726.8 0.0
726.9 0.0
727.0 0.0
727.1 0.0
727.2 0.0
727.3 0.0
727.4 0.0
727.5 0.0
727.6 0.0
727.7 0.0
727.8 0.0
727.9 0.0
728.0 0.0
728.1 0.0
728.2 0.0
728.3 0.0
728.4 0.0
728.5 0.0
728.6 0.0
728.7 0.0
728.8 0.0
728.9 0.0
729.0 0.0
729.1 0.0
729.2 0.0
729.3 0.0
729.4 0.0
729.5 0.0
729.6 0.0
729.7 0.0
729.8 0.0
729.9 0.0
730.0 0.0
730.1 0.0
730.2 0.0
730.3 0.0
730.4 0.0
730.5 0.0
730.6 0.0
730.7 0.0
730.8 0.0
730.9 0.0
731.0 0.0
731.1 0.0
731.2 0.0
731.3 0.0
731.4 0.0
731.5 0.0
731.6 0.0
731.7 0.0
731.8 0.0
731.9 0.0
732.0 0.0
732.1 0.0
732.2 0.0
732.3 0.0
732.4 0.0
732.5 0.0
732.6 0.0
732.7 0.0
732.8 0.0
732.9 0.0
733.0 0.0
733.1 0.0
733.2 0.0
733.3 0.0
733.4 0.0
733.5 0.0
733.6 0.0
733.7 0.0
733.8 0.0
733.9 0.0
734.0 0.0
734.1 0.0
734.2 0.0
734.3 0.0
734.4 0.0
734.5 0.0
734.6 0.0
734.7 0.0
734.8 0.0
734.9 0.0
735.0 0.0
735.1 0.0
735.2 0.0
735.3 0.0
735.4 0.0
735.5 0.0
735.6 0.0
735.7 0.0
735.8 0.0
735.9 0.0
736.0 0.0
736.1 0.0
736.2 0.0
736.3 0.0
736.4 0.0
736.5 0.0
736.6 0.0
736.7 0.0
736.8 0.0
736.9 0.0
737.0 0.0
737.1 0.0
737.2 0.0
737.3 0.0
737.4 0.0
737.5 0.0
737.6 0.0
737.7 0.0
737.8 0.0
737.9 0.0
738.0 0.0
738.1 0.0
738.2 0.0
738.3 0.0
738.4 0.0
738.5 0.0
738.6 0.0
738.7 0.0
738.8 0.0
738.9 0.0
739.0 0.0
739.1 0.0
739.2 0.0
739.3 0.0
739.4 0.0
739.5 0.0
739.6 0.0
739.7 0.0
739.8 0.0
739.9 0.0
740.0 0.0
740.1 0.0
740.2 0.0
740.3 0.0
740.4 0.0
740.5 0.0
740.6 0.0
740.7 0.0
740.8 0.0
740.9 0.0
741.0 0.0
741.1 0.0
741.2 0.0
741.3 0.0
741.4 0.0
741.5 0.0
741.6 0.0
741.7 0.0
741.8 0.0
741.9 0.0
742.0 0.0
742.1 0.0
742.2 0.0
742.3 0.0
742.4 0.0
742.5 0.0
742.6 0.0
742.7 0.0
742.8 0.0
742.9 0.0
743.0 0.0
743.1 0.0
743.2 0.0
743.3 0.0
743.4 0.0
743.5 0.0
743.6 0.0
743.7 0.0
743.8 0.0
743.9 0.0
744.0 0.0
744.1 0.0
744.2 0.0
744.3 0.0
744.4 0.0
744.5 0.0
744.6 0.0
744.7 0.0
744.8 0.0
744.9 0.0
745.0 0.0
745.1 0.0
745.2 0.0
745.3 0.0
745.4 0.0
745.5 0.0
745.6 0.0
745.7 0.0
745.8 0.0
745.9 0.0
746.0 0.0
746.1 0.0
746.2 0.0
746.3 0.0
746.4 0.0
746.5 0.0
746.6 0.0
746.7 0.0
746.8 0.0
746.9 0.0
747.0 0.0
747.1 0.0
747.2 0.0
747.3 0.0
747.4 0.0
747.5 0.0
747.6 0.0
747.7 0.0
747.8 0.0
747.9 0.0
748.0 0.0
748.1 0.0
748.2 0.0
748.3 0.0
748.4 0.0
748.5 0.0
748.6 0.0
748.7 0.0
748.8 0.0
748.9 0.0
749.0 0.0
749.1 0.0
749.2 0.0
749.3 0.0
749.4 0.0
749.5 0.0
749.6 0.0
749.7 0.0
749.8 0.0
749.9 0.0
750.0 0.0
750.1 0.0
750.2 0.0
750.3 0.0
750.4 0.0
750.5 0.0
750.6 0.0
750.7 0.0
750.8 0.0
750.9 0.0
751.0 0.0
751.1 0.0
751.2 0.0
751.3 0.0
751.4 0.0
751.5 0.0
751.6 0.0
751.7 0.0
751.8 0.0
751.9 0.0
752.0 0.0
752.1 0.0
752.2 0.0
752.3 0.0
752.4 0.0
752.5 0.0
752.6 0.0
752.7 0.0
752.8 0.0
752.9 0.0
753.0 0.0
753.1 0.0
753.2 0.0
753.3 0.0
753.4 0.0
753.5 0.0
753.6 0.0
753.7 0.0
753.8 0.0
753.9 0.0
754.0 0.0
754.1 0.0
754.2 0.0
754.3 0.0
754.4 0.0
754.5 0.0
754.6 0.0
754.7 0.0
754.8 0.0
754.9 0.0
755.0 0.0
755.1 0.0
755.2 0.0
755.3 0.0
755.4 0.0
755.5 0.0
755.6 0.0
755.7 0.0
755.8 0.0
755.9 0.0
756.0 0.0
756.1 0.0
756.2 0.0
756.3 0.0
756.4 0.0
756.5 0.0
756.6 0.0
756.7 0.0
756.8 0.0
756.9 0.0
757.0 0.0
757.1 0.0
757.2 0.0
757.3 0.0
757.4 0.0
757.5 0.0
757.6 0.0
757.7 0.0
757.8 0.0
757.9 0.0
758.0 0.0
758.1 0.0
758.2 0.0
758.3 0.0
758.4 0.0
758.5 0.0
758.6 0.0
758.7 0.0
758.8 0.0
758.9 0.0
759.0 0.0
759.1 0.0
759.2 0.0
759.3 0.0
759.4 0.0
759.5 0.0
759.6 0.0
759.7 0.0
759.8 0.0
759.9 0.0
760.0 0.0
760.1 0.0
760.2 0.0
760.3 0.0
760.4 0.0
760.5 0.0
760.6 0.0
760.7 0.0
760.8 0.0
760.9 0.0
761.0 0.0
761.1 0.0
761.2 0.0
761.3 0.0
761.4 0.0
761.5 0.0
761.6 0.0
761.7 0.0
761.8 0.0
761.9 0.0
762.0 0.0
762.1 0.0
762.2 0.0
762.3 0.0
762.4 0.0
762.5 0.0
762.6 0.0
762.7 0.0
762.8 0.0
762.9 0.0
763.0 0.0
763.1 0.0
763.2 0.0
763.3 0.0
763.4 0.0
763.5 0.0
763.6 0.0
763.7 0.0
763.8 0.0
763.9 0.0
764.0 0.0
764.1 0.0
764.2 0.0
764.3 0.0
764.4 0.0
764.5 0.0
764.6 0.0
764.7 0.0
764.8 0.0
764.9 0.0
765.0 0.0
765.1 0.0
765.2 0.0
765.3 0.0
765.4 0.0
765.5 0.0
765.6 0.0
765.7 0.0
765.8 0.0
765.9 0.0
766.0 0.0
766.1 0.0
766.2 0.0
766.3 0.0
766.4 0.0
766.5 0.0
766.6 0.0
766.7 0.0
766.8 0.0
766.9 0.0
767.0 0.0
767.1 0.0
767.2 0.0
767.3 0.0
767.4 0.0
767.5 0.0
767.6 0.0
767.7 0.0
767.8 0.0
767.9 0.0
768.0 0.0
768.1 0.0
768.2 0.0
768.3 0.0
768.4 0.0
768.5 0.0
768.6 0.0
768.7 0.0
768.8 0.0
768.9 0.0
769.0 0.0
769.1 0.0
769.2 0.0
769.3 0.0
769.4 0.0
769.5 0.0
769.6 0.0
769.7 0.0
769.8 0.0
769.9 0.0
770.0 0.0
770.1 0.0
770.2 0.0
770.3 0.0
770.4 0.0
770.5 0.0
770.6 0.0
770.7 0.0
770.8 0.0
770.9 0.0
771.0 0.0
771.1 0.0
771.2 0.0
771.3 0.0
771.4 0.0
771.5 0.0
771.6 0.0
771.7 0.0
771.8 0.0
771.9 0.0
772.0 0.0
772.1 0.0
772.2 0.0
772.3 0.0
772.4 0.0
772.5 0.0
772.6 0.0
772.7 0.0
772.8 0.0
772.9 0.0
773.0 0.0
773.1 0.0
773.2 0.0
773.3 0.0
773.4 0.0
773.5 0.0
773.6 0.0
773.7 0.0
773.8 0.0
773.9 0.0
774.0 0.0
774.1 0.0
774.2 0.0
774.3 0.0
774.4 0.0
774.5 0.0
774.6 0.0
774.7 0.0
774.8 0.0
774.9 0.0
775.0 0.0
775.1 0.0
775.2 0.0
775.3 0.0
775.4 0.0
775.5 0.0
775.6 0.0
775.7 0.0
775.8 0.0
775.9 0.0
776.0 0.0
776.1 0.0
776.2 0.0
776.3 0.0
776.4 0.0
776.5 0.0
776.6 0.0
776.7 0.0
776.8 0.0
776.9 0.0
777.0 0.0
777.1 0.0
777.2 0.0
777.3 0.0
777.4 0.0
777.5 0.0
777.6 0.0
777.7 0.0
777.8 0.0
777.9 0.0
778.0 0.0
778.1 0.0
778.2 0.0
778.3 0.0
778.4 0.0
778.5 0.0
778.6 0.0
778.7 0.0
778.8 0.0
778.9 0.0
779.0 0.0
779.1 0.0
779.2 0.0
779.3 0.0
779.4 0.0
779.5 0.0
779.6 0.0
779.7 0.0
779.8 0.0
779.9 0.0
780.0 0.0
780.1 0.0
780.2 0.0
780.3 0.0
780.4 0.0
780.5 0.0
780.6 0.0
780.7 0.0
780.8 0.0
780.9 0.0
781.0 0.0
781.1 0.0
781.2 0.0
781.3 0.0
781.4 0.0
781.5 0.0
781.6 0.0
781.7 0.0
781.8 0.0
781.9 0.0
782.0 0.0
782.1 0.0
782.2 0.0
782.3 0.0
782.4 0.0
782.5 0.0
782.6 0.0
782.7 0.0
782.8 0.0
782.9 0.0
783.0 0.0
783.1 0.0
783.2 0.0
783.3 0.0
783.4 0.0
783.5 0.0
783.6 0.0
783.7 0.0
783.8 0.0
783.9 0.0
784.0 0.0
784.1 0.0
784.2 0.0
784.3 0.0
784.4 0.0
784.5 0.0
784.6 0.0
784.7 0.0
784.8 0.0
784.9 0.0
785.0 0.0
785.1 0.0
785.2 0.0
785.3 0.0
785.4 0.0
785.5 0.0
785.6 0.0
785.7 0.0
785.8 0.0
785.9 0.0
786.0 0.0
786.1 0.0
786.2 0.0
786.3 0.0
786.4 0.0
786.5 0.0
786.6 0.0
786.7 0.0
786.8 0.0
786.9 0.0
787.0 0.0
787.1 0.0
787.2 0.0
787.3 0.0
787.4 0.0
787.5 0.0
787.6 0.0
787.7 0.0
787.8 0.0
787.9 0.0
788.0 0.0
788.1 0.0
788.2 0.0
788.3 0.0
788.4 0.0
788.5 0.0
788.6 0.0
788.7 0.0
788.8 0.0
788.9 0.0
789.0 0.0
789.1 0.0
789.2 0.0
789.3 0.0
789.4 0.0
789.5 0.0
789.6 0.0
789.7 0.0
789.8 0.0
789.9 0.0
790.0 0.0
790.1 0.0
790.2 0.0
790.3 0.0
790.4 0.0
790.5 0.0
790.6 0.0
790.7 0.0
790.8 0.0
790.9 0.0
791.0 0.0
791.1 0.0
791.2 0.0
791.3 0.0
791.4 0.0
791.5 0.0
791.6 0.0
791.7 0.0
791.8 0.0
791.9 0.0
792.0 0.0
792.1 0.0
792.2 0.0
792.3 0.0
792.4 0.0
792.5 0.0
792.6 0.0
792.7 0.0
792.8 0.0
792.9 0.0
793.0 0.0
793.1 0.0
793.2 0.0
793.3 0.0
793.4 0.0
793.5 0.0
793.6 0.0
793.7 0.0
793.8 0.0
793.9 0.0
794.0 0.0
794.1 0.0
794.2 0.0
794.3 0.0
794.4 0.0
794.5 0.0
794.6 0.0
794.7 0.0
794.8 0.0
794.9 0.0
795.0 0.0
795.1 0.0
795.2 0.0
795.3 0.0
795.4 0.0
795.5 0.0
795.6 0.0
795.7 0.0
795.8 0.0
795.9 0.0
796.0 0.0
796.1 0.0
796.2 0.0
796.3 0.0
796.4 0.0
796.5 0.0
796.6 0.0
796.7 0.0
796.8 0.0
796.9 0.0
797.0 0.0
797.1 0.0
797.2 0.0
797.3 0.0
797.4 0.0
797.5 0.0
797.6 0.0
797.7 0.0
797.8 0.0
797.9 0.0
798.0 0.0
798.1 0.0
798.2 0.0
798.3 0.0
798.4 0.0
798.5 0.0
798.6 0.0
798.7 0.0
798.8 0.0
798.9 0.0
799.0 0.0
799.1 0.0
799.2 0.0
799.3 0.0
799.4 0.0
799.5 0.0
799.6 0.0
799.7 0.0
799.8 0.0
799.9 0.0
800.0 0.0
800.1 0.0
800.2 0.0
800.3 0.0
800.4 0.0
800.5 0.0
800.6 0.0
800.7 0.0
800.8 0.0
800.9 0.0
801.0 0.0
801.1 0.0
801.2 0.0
801.3 0.0
801.4 0.0
801.5 0.0
801.6 0.0
801.7 0.0
801.8 0.0
801.9 0.0
802.0 0.0
802.1 0.0
802.2 0.0
802.3 0.0
802.4 0.0
802.5 0.0
802.6 0.0
802.7 0.0
802.8 0.0
802.9 0.0
803.0 0.0
803.1 0.0
803.2 0.0
803.3 0.0
803.4 0.0
803.5 0.0
803.6 0.0
803.7 0.0
803.8 0.0
803.9 0.0
804.0 0.0
804.1 0.0
804.2 0.0
804.3 0.0
804.4 0.0
804.5 0.0
804.6 0.0
804.7 0.0
804.8 0.0
804.9 0.0
805.0 0.0
805.1 0.0
805.2 0.0
805.3 0.0
805.4 0.0
805.5 0.0
805.6 0.0
805.7 0.0
805.8 0.0
805.9 0.0
806.0 0.0
806.1 0.0
806.2 0.0
806.3 0.0
806.4 0.0
806.5 0.0
806.6 0.0
806.7 0.0
806.8 0.0
806.9 0.0
807.0 0.0
807.1 0.0
807.2 0.0
807.3 0.0
807.4 0.0
807.5 0.0
807.6 0.0
807.7 0.0
807.8 0.0
807.9 0.0
808.0 0.0
808.1 0.0
808.2 0.0
808.3 0.0
808.4 0.0
808.5 0.0
808.6 0.0
808.7 0.0
808.8 0.0
808.9 0.0
809.0 0.0
809.1 0.0
809.2 0.0
809.3 0.0
809.4 0.0
809.5 0.0
809.6 0.0
809.7 0.0
809.8 0.0
809.9 0.0
810.0 0.0
810.1 0.0
810.2 0.0
810.3 0.0
810.4 0.0
810.5 0.0
810.6 0.0
810.7 0.0
810.8 0.0
810.9 0.0
811.0 0.0
811.1 0.0
811.2 0.0
811.3 0.0
811.4 0.0
811.5 0.0
811.6 0.0
811.7 0.0
811.8 0.0
811.9 0.0
812.0 0.0
812.1 0.0
812.2 0.0
812.3 0.0
812.4 0.0
812.5 0.0
812.6 0.0
812.7 0.0
812.8 0.0
812.9 0.0
813.0 0.0
813.1 0.0
813.2 0.0
813.3 0.0
813.4 0.0
813.5 0.0
813.6 0.0
813.7 0.0
813.8 0.0
813.9 0.0
814.0 0.0
814.1 0.0
814.2 0.0
814.3 0.0
814.4 0.0
814.5 0.0
814.6 0.0
814.7 0.0
814.8 0.0
814.9 0.0
815.0 0.0
815.1 0.0
815.2 0.0
815.3 0.0
815.4 0.0
815.5 0.0
815.6 0.0
815.7 0.0
815.8 0.0
815.9 0.0
816.0 0.0
816.1 0.0
816.2 0.0
816.3 0.0
816.4 0.0
816.5 0.0
816.6 0.0
816.7 0.0
816.8 0.0
816.9 0.0
817.0 0.0
817.1 0.0
817.2 0.0
817.3 0.0
817.4 0.0
817.5 0.0
817.6 0.0
817.7 0.0
817.8 0.0
817.9 0.0
818.0 0.0
818.1 0.0
818.2 0.0
818.3 0.0
818.4 0.0
818.5 0.0
818.6 0.0
818.7 0.0
818.8 0.0
818.9 0.0
819.0 0.0
819.1 0.0
819.2 0.0
819.3 0.0
819.4 0.0
819.5 0.0
819.6 0.0
819.7 0.0
819.8 0.0
819.9 0.0
820.0 0.0
820.1 0.0
820.2 0.0
820.3 0.0
820.4 0.0
820.5 0.0
820.6 0.0
820.7 0.0
820.8 0.0
820.9 0.0
821.0 0.0
821.1 0.0
821.2 0.0
821.3 0.0
821.4 0.0
821.5 0.0
821.6 0.0
821.7 0.0
821.8 0.0
821.9 0.0
822.0 0.0
822.1 0.0
822.2 0.0
822.3 0.0
822.4 0.0
822.5 0.0
822.6 0.0
822.7 0.0
822.8 0.0
822.9 0.0
823.0 0.0
823.1 0.0
823.2 0.0
823.3 0.0
823.4 0.0
823.5 0.0
823.6 0.0
823.7 0.0
823.8 0.0
823.9 0.0
824.0 0.0
824.1 0.0
824.2 0.0
824.3 0.0
824.4 0.0
824.5 0.0
824.6 0.0
824.7 0.0
824.8 0.0
824.9 0.0
825.0 0.0
825.1 0.0
825.2 0.0
825.3 0.0
825.4 0.0
825.5 0.0
825.6 0.0
825.7 0.0
825.8 0.0
825.9 0.0
826.0 0.0
826.1 0.0
826.2 0.0
826.3 0.0
826.4 0.0
826.5 0.0
826.6 0.0
826.7 0.0
826.8 0.0
826.9 0.0
827.0 0.0
827.1 0.0
827.2 0.0
827.3 0.0
827.4 0.0
827.5 0.0
827.6 0.0
827.7 0.0
827.8 0.0
827.9 0.0
828.0 0.0
828.1 0.0
828.2 0.0
828.3 0.0
828.4 0.0
828.5 0.0
828.6 0.0
828.7 0.0
828.8 0.0
828.9 0.0
829.0 0.0
829.1 0.0
829.2 0.0
829.3 0.0
829.4 0.0
829.5 0.0
829.6 0.0
829.7 0.0
829.8 0.0
829.9 0.0
830.0 0.0
830.1 0.0
830.2 0.0
830.3 0.0
830.4 0.0
830.5 0.0
830.6 0.0
830.7 0.0
830.8 0.0
830.9 0.0
831.0 0.0
831.1 0.0
831.2 0.0
831.3 0.0
831.4 0.0
831.5 0.0
831.6 0.0
831.7 0.0
831.8 0.0
831.9 0.0
832.0 0.0
832.1 0.0
832.2 0.0
832.3 0.0
832.4 0.0
832.5 0.0
832.6 0.0
832.7 0.0
832.8 0.0
832.9 0.0
833.0 0.0
833.1 0.0
833.2 0.0
833.3 0.0
833.4 0.0
833.5 0.0
833.6 0.0
833.7 0.0
833.8 0.0
833.9 0.0
834.0 0.0
834.1 0.0
834.2 0.0
834.3 0.0
834.4 0.0
834.5 0.0
834.6 0.0
834.7 0.0
834.8 0.0
834.9 0.0
835.0 0.0
835.1 0.0
835.2 0.0
835.3 0.0
835.4 0.0
835.5 0.0
835.6 0.0
835.7 0.0
835.8 0.0
835.9 0.0
836.0 0.0
836.1 0.0
836.2 0.0
836.3 0.0
836.4 0.0
836.5 0.0
836.6 0.0
836.7 0.0
836.8 0.0
836.9 0.0
837.0 0.0
837.1 0.0
837.2 0.0
837.3 0.0
837.4 0.0
837.5 0.0
837.6 0.0
837.7 0.0
837.8 0.0
837.9 0.0
838.0 0.0
838.1 0.0
838.2 0.0
838.3 0.0
838.4 0.0
838.5 0.0
838.6 0.0
838.7 0.0
838.8 0.0
838.9 0.0
839.0 0.0
839.1 0.0
839.2 0.0
839.3 0.0
839.4 0.0
839.5 0.0
839.6 0.0
839.7 0.0
839.8 0.0
839.9 0.0
840.0 0.0
840.1 0.0
840.2 0.0
840.3 0.0
840.4 0.0
840.5 0.0
840.6 0.0
840.7 0.0
840.8 0.0
840.9 0.0
841.0 0.0
841.1 0.0
841.2 0.0
841.3 0.0
841.4 0.0
841.5 0.0
841.6 0.0
841.7 0.0
841.8 0.0
841.9 0.0
842.0 0.0
842.1 0.0
842.2 0.0
842.3 0.0
842.4 0.0
842.5 0.0
842.6 0.0
842.7 0.0
842.8 0.0
842.9 0.0
843.0 0.0
843.1 0.0
843.2 0.0
843.3 0.0
843.4 0.0
843.5 0.0
843.6 0.0
843.7 0.0
843.8 0.0
843.9 0.0
844.0 0.0
844.1 0.0
844.2 0.0
844.3 0.0
844.4 0.0
844.5 0.0
844.6 0.0
844.7 0.0
844.8 0.0
844.9 0.0
845.0 0.0
845.1 0.0
845.2 0.0
845.3 0.0
845.4 0.0
845.5 0.0
845.6 0.0
845.7 0.0
845.8 0.0
845.9 0.0
846.0 0.0
846.1 0.0
846.2 0.0
846.3 0.0
846.4 0.0
846.5 0.0
846.6 0.0
846.7 0.0
846.8 0.0
846.9 0.0
847.0 0.0
847.1 0.0
847.2 0.0
847.3 0.0
847.4 0.0
847.5 0.0
847.6 0.0
847.7 0.0
847.8 0.0
847.9 0.0
848.0 0.0
848.1 0.0
848.2 0.0
848.3 0.0
848.4 0.0
848.5 0.0
848.6 0.0
848.7 0.0
848.8 0.0
848.9 0.0
849.0 0.0
849.1 0.0
849.2 0.0
849.3 0.0
849.4 0.0
849.5 0.0
849.6 0.0
849.7 0.0
849.8 0.0
849.9 0.0
850.0 0.0
850.1 0.0
850.2 0.0
850.3 0.0
850.4 0.0
850.5 0.0
850.6 0.0
850.7 0.0
850.8 0.0
850.9 0.0
851.0 0.0
851.1 0.0
851.2 0.0
851.3 0.0
851.4 0.0
851.5 0.0
851.6 0.0
851.7 0.0
851.8 0.0
851.9 0.0
852.0 0.0
852.1 0.0
852.2 0.0
852.3 0.0
852.4 0.0
852.5 0.0
852.6 0.0
852.7 0.0
852.8 0.0
852.9 0.0
853.0 0.0
853.1 0.0
853.2 0.0
853.3 0.0
853.4 0.0
853.5 0.0
853.6 0.0
853.7 0.0
853.8 0.0
853.9 0.0
854.0 0.0
854.1 0.0
854.2 0.0
854.3 0.0
854.4 0.0
854.5 0.0
854.6 0.0
854.7 0.0
854.8 0.0
854.9 0.0
855.0 0.0
855.1 0.0
855.2 0.0
855.3 0.0
855.4 0.0
855.5 0.0
855.6 0.0
855.7 0.0
855.8 0.0
855.9 0.0
856.0 0.0
856.1 0.0
856.2 0.0
856.3 0.0
856.4 0.0
856.5 0.0
856.6 0.0
856.7 0.0
856.8 0.0
856.9 0.0
857.0 0.0
857.1 0.0
857.2 0.0
857.3 0.0
857.4 0.0
857.5 0.0
857.6 0.0
857.7 0.0
857.8 0.0
857.9 0.0
858.0 0.0
858.1 0.0
858.2 0.0
858.3 0.0
858.4 0.0
858.5 0.0
858.6 0.0
858.7 0.0
858.8 0.0
858.9 0.0
859.0 0.0
859.1 0.0
859.2 0.0
859.3 0.0
859.4 0.0
859.5 0.0
859.6 0.0
859.7 0.0
859.8 0.0
859.9 0.0
860.0 0.0
860.1 0.0
860.2 0.0
860.3 0.0
860.4 0.0
860.5 0.0
860.6 0.0
860.7 0.0
860.8 0.0
860.9 0.0
861.0 0.0
861.1 0.0
861.2 0.0
861.3 0.0
861.4 0.0
861.5 0.0
861.6 0.0
861.7 0.0
861.8 0.0
861.9 0.0
862.0 0.0
862.1 0.0
862.2 0.0
862.3 0.0
862.4 0.0
862.5 0.0
862.6 0.0
862.7 0.0
862.8 0.0
862.9 0.0
863.0 0.0
863.1 0.0
863.2 0.0
863.3 0.0
863.4 0.0
863.5 0.0
863.6 0.0
863.7 0.0
863.8 0.0
863.9 0.0
864.0 0.0
864.1 0.0
864.2 0.0
864.3 0.0
864.4 0.0
864.5 0.0
864.6 0.0
864.7 0.0
864.8 0.0
864.9 0.0
865.0 0.0
865.1 0.0
865.2 0.0
865.3 0.0
865.4 0.0
865.5 0.0
865.6 0.0
865.7 0.0
865.8 0.0
865.9 0.0
866.0 0.0
866.1 0.0
866.2 0.0
866.3 0.0
866.4 0.0
866.5 0.0
866.6 0.0
866.7 0.0
866.8 0.0
866.9 0.0
867.0 0.0
867.1 0.0
867.2 0.0
867.3 0.0
867.4 0.0
867.5 0.0
867.6 0.0
867.7 0.0
867.8 0.0
867.9 0.0
868.0 0.0
868.1 0.0
868.2 0.0
868.3 0.0
868.4 0.0
868.5 0.0
868.6 0.0
868.7 0.0
868.8 0.0
868.9 0.0
869.0 0.0
869.1 0.0
869.2 0.0
869.3 0.0
869.4 0.0
869.5 0.0
869.6 0.0
869.7 0.0
869.8 0.0
869.9 0.0
870.0 0.0
870.1 0.0
870.2 0.0
870.3 0.0
870.4 0.0
870.5 0.0
870.6 0.0
870.7 0.0
870.8 0.0
870.9 0.0
871.0 0.0
871.1 0.0
871.2 0.0
871.3 0.0
871.4 0.0
871.5 0.0
871.6 0.0
871.7 0.0
871.8 0.0
871.9 0.0
872.0 0.0
872.1 0.0
872.2 0.0
872.3 0.0
872.4 0.0
872.5 0.0
872.6 0.0
872.7 0.0
872.8 0.0
872.9 0.0
873.0 0.0
873.1 0.0
873.2 0.0
873.3 0.0
873.4 0.0
873.5 0.0
873.6 0.0
873.7 0.0
873.8 0.0
873.9 0.0
874.0 0.0
874.1 0.0
874.2 0.0
874.3 0.0
874.4 0.0
874.5 0.0
874.6 0.0
874.7 0.0
874.8 0.0
874.9 0.0
875.0 0.0
875.1 0.0
875.2 0.0
875.3 0.0
875.4 0.0
875.5 0.0
875.6 0.0
875.7 0.0
875.8 0.0
875.9 0.0
876.0 0.0
876.1 0.0
876.2 0.0
876.3 0.0
876.4 0.0
876.5 0.0
876.6 0.0
876.7 0.0
876.8 0.0
876.9 0.0
877.0 0.0
877.1 0.0
877.2 0.0
877.3 0.0
877.4 0.0
877.5 0.0
877.6 0.0
877.7 0.0
877.8 0.0
877.9 0.0
878.0 0.0
878.1 0.0
878.2 0.0
878.3 0.0
878.4 0.0
878.5 0.0
878.6 0.0
878.7 0.0
878.8 0.0
878.9 0.0
879.0 0.0
879.1 0.0
879.2 0.0
879.3 0.0
879.4 0.0
879.5 0.0
879.6 0.0
879.7 0.0
879.8 0.0
879.9 0.0
880.0 0.0
880.1 0.0
880.2 0.0
880.3 0.0
880.4 0.0
880.5 0.0
880.6 0.0
880.7 0.0
880.8 0.0
880.9 0.0
881.0 0.0
881.1 0.0
881.2 0.0
881.3 0.0
881.4 0.0
881.5 0.0
881.6 0.0
881.7 0.0
881.8 0.0
881.9 0.0
882.0 0.0
882.1 0.0
882.2 0.0
882.3 0.0
882.4 0.0
882.5 0.0
882.6 0.0
882.7 0.0
882.8 0.0
882.9 0.0
883.0 0.0
883.1 0.0
883.2 0.0
883.3 0.0
883.4 0.0
883.5 0.0
883.6 0.0
883.7 0.0
883.8 0.0
883.9 0.0
884.0 0.0
884.1 0.0
884.2 0.0
884.3 0.0
884.4 0.0
884.5 0.0
884.6 0.0
884.7 0.0
884.8 0.0
884.9 0.0
885.0 0.0
885.1 0.0
885.2 0.0
885.3 0.0
885.4 0.0
885.5 0.0
885.6 0.0
885.7 0.0
885.8 0.0
885.9 0.0
886.0 0.0
886.1 0.0
886.2 0.0
886.3 0.0
886.4 0.0
886.5 0.0
886.6 0.0
886.7 0.0
886.8 0.0
886.9 0.0
887.0 0.0
887.1 0.0
887.2 0.0
887.3 0.0
887.4 0.0
887.5 0.0
887.6 0.0
887.7 0.0
887.8 0.0
887.9 0.0
888.0 0.0
888.1 0.0
888.2 0.0
888.3 0.0
888.4 0.0
888.5 0.0
888.6 0.0
888.7 0.0
888.8 0.0
888.9 0.0
889.0 0.0
889.1 0.0
889.2 0.0
889.3 0.0
889.4 0.0
889.5 0.0
889.6 0.0
889.7 0.0
889.8 0.0
889.9 0.0
890.0 0.0
890.1 0.0
890.2 0.0
890.3 0.0
890.4 0.0
890.5 0.0
890.6 0.0
890.7 0.0
890.8 0.0
890.9 0.0
891.0 0.0
891.1 0.0
891.2 0.0
891.3 0.0
891.4 0.0
891.5 0.0
891.6 0.0
891.7 0.0
891.8 0.0
891.9 0.0
892.0 0.0
892.1 0.0
892.2 0.0
892.3 0.0
892.4 0.0
892.5 0.0
892.6 0.0
892.7 0.0
892.8 0.0
892.9 0.0
893.0 0.0
893.1 0.0
893.2 0.0
893.3 0.0
893.4 0.0
893.5 0.0
893.6 0.0
893.7 0.0
893.8 0.0
893.9 0.0
894.0 0.0
894.1 0.0
894.2 0.0
894.3 0.0
894.4 0.0
894.5 0.0
894.6 0.0
894.7 0.0
894.8 0.0
894.9 0.0
895.0 0.0
895.1 0.0
895.2 0.0
895.3 0.0
895.4 0.0
895.5 0.0
895.6 0.0
895.7 0.0
895.8 0.0
895.9 0.0
896.0 0.0
896.1 0.0
896.2 0.0
896.3 0.0
896.4 0.0
896.5 0.0
896.6 0.0
896.7 0.0
896.8 0.0
896.9 0.0
897.0 0.0
897.1 0.0
897.2 0.0
897.3 0.0
897.4 0.0
897.5 0.0
897.6 0.0
897.7 0.0
897.8 0.0
897.9 0.0
898.0 0.0
898.1 0.0
898.2 0.0
898.3 0.0
898.4 0.0
898.5 0.0
898.6 0.0
898.7 0.0
898.8 0.0
898.9 0.0
899.0 0.0
899.1 0.0
899.2 0.0
899.3 0.0
899.4 0.0
899.5 0.0
899.6 0.0
899.7 0.0
899.8 0.0
899.9 0.0
900.0 0.0
900.1 0.0
900.2 0.0
900.3 0.0
900.4 0.0
900.5 0.0
900.6 0.0
900.7 0.0
900.8 0.0
900.9 0.0
901.0 0.0
901.1 0.0
901.2 0.0
901.3 0.0
901.4 0.0
901.5 0.0
901.6 0.0
901.7 0.0
901.8 0.0
901.9 0.0
902.0 0.0
902.1 0.0
902.2 0.0
902.3 0.0
902.4 0.0
902.5 0.0
902.6 0.0
902.7 0.0
902.8 0.0
902.9 0.0
903.0 0.0
903.1 0.0
903.2 0.0
903.3 0.0
903.4 0.0
903.5 0.0
903.6 0.0
903.7 0.0
903.8 0.0
903.9 0.0
904.0 0.0
904.1 0.0
904.2 0.0
904.3 0.0
904.4 0.0
904.5 0.0
904.6 0.0
904.7 0.0
904.8 0.0
904.9 0.0
905.0 0.0
905.1 0.0
905.2 0.0
905.3 0.0
905.4 0.0
905.5 0.0
905.6 0.0
905.7 0.0
905.8 0.0
905.9 0.0
906.0 0.0
906.1 0.0
906.2 0.0
906.3 0.0
906.4 0.0
906.5 0.0
906.6 0.0
906.7 0.0
906.8 0.0
906.9 0.0
907.0 0.0
907.1 0.0
907.2 0.0
907.3 0.0
907.4 0.0
907.5 0.0
907.6 0.0
907.7 0.0
907.8 0.0
907.9 0.0
908.0 0.0
908.1 0.0
908.2 0.0
908.3 0.0
908.4 0.0
908.5 0.0
908.6 0.0
908.7 0.0
908.8 0.0
908.9 0.0
909.0 0.0
909.1 0.0
909.2 0.0
909.3 0.0
909.4 0.0
909.5 0.0
909.6 0.0
909.7 0.0
909.8 0.0
909.9 0.0
910.0 0.0
910.1 0.0
910.2 0.0
910.3 0.0
910.4 0.0
910.5 0.0
910.6 0.0
910.7 0.0
910.8 0.0
910.9 0.0
911.0 0.0
911.1 0.0
911.2 0.0
911.3 0.0
911.4 0.0
911.5 0.0
911.6 0.0
911.7 0.0
911.8 0.0
911.9 0.0
912.0 0.0
912.1 0.0
912.2 0.0
912.3 0.0
912.4 0.0
912.5 0.0
912.6 0.0
912.7 0.0
912.8 0.0
912.9 0.0
913.0 0.0
913.1 0.0
913.2 0.0
913.3 0.0
913.4 0.0
913.5 0.0
913.6 0.0
913.7 0.0
913.8 0.0
913.9 0.0
914.0 0.0
914.1 0.0
914.2 0.0
914.3 0.0
914.4 0.0
914.5 0.0
914.6 0.0
914.7 0.0
914.8 0.0
914.9 0.0
915.0 0.0
915.1 0.0
915.2 0.0
915.3 0.0
915.4 0.0
915.5 0.0
915.6 0.0
915.7 0.0
915.8 0.0
915.9 0.0
916.0 0.0
916.1 0.0
916.2 0.0
916.3 0.0
916.4 0.0
916.5 0.0
916.6 0.0
916.7 0.0
916.8 0.0
916.9 0.0
917.0 0.0
917.1 0.0
917.2 0.0
917.3 0.0
917.4 0.0
917.5 0.0
917.6 0.0
917.7 0.0
917.8 0.0
917.9 0.0
918.0 0.0
918.1 0.0
918.2 0.0
918.3 0.0
918.4 0.0
918.5 0.0
918.6 0.0
918.7 0.0
918.8 0.0
918.9 0.0
919.0 0.0
919.1 0.0
919.2 0.0
919.3 0.0
919.4 0.0
919.5 0.0
919.6 0.0
919.7 0.0
919.8 0.0
919.9 0.0
920.0 0.0
920.1 0.0
920.2 0.0
920.3 0.0
920.4 0.0
920.5 0.0
920.6 0.0
920.7 0.0
920.8 0.0
920.9 0.0
921.0 0.0
921.1 0.0
921.2 0.0
921.3 0.0
921.4 0.0
921.5 0.0
921.6 0.0
921.7 0.0
921.8 0.0
921.9 0.0
922.0 0.0
922.1 0.0
922.2 0.0
922.3 0.0
922.4 0.0
922.5 0.0
922.6 0.0
922.7 0.0
922.8 0.0
922.9 0.0
923.0 0.0
923.1 0.0
923.2 0.0
923.3 0.0
923.4 0.0
923.5 0.0
923.6 0.0
923.7 0.0
923.8 0.0
923.9 0.0
924.0 0.0
924.1 0.0
924.2 0.0
924.3 0.0
924.4 0.0
924.5 0.0
924.6 0.0
924.7 0.0
924.8 0.0
924.9 0.0
925.0 0.0
925.1 0.0
925.2 0.0
925.3 0.0
925.4 0.0
925.5 0.0
925.6 0.0
925.7 0.0
925.8 0.0
925.9 0.0
926.0 0.0
926.1 0.0
926.2 0.0
926.3 0.0
926.4 0.0
926.5 0.0
926.6 0.0
926.7 0.0
926.8 0.0
926.9 0.0
927.0 0.0
927.1 0.0
927.2 0.0
927.3 0.0
927.4 0.0
927.5 0.0
927.6 0.0
927.7 0.0
927.8 0.0
927.9 0.0
928.0 0.0
928.1 0.0
928.2 0.0
928.3 0.0
928.4 0.0
928.5 0.0
928.6 0.0
928.7 0.0
928.8 0.0
928.9 0.0
929.0 0.0
929.1 0.0
929.2 0.0
929.3 0.0
929.4 0.0
929.5 0.0
929.6 0.0
929.7 0.0
929.8 0.0
929.9 0.0
930.0 0.0
930.1 0.0
930.2 0.0
930.3 0.0
930.4 0.0
930.5 0.0
930.6 0.0
930.7 0.0
930.8 0.0
930.9 0.0
931.0 0.0
931.1 0.0
931.2 0.0
931.3 0.0
931.4 0.0
931.5 0.0
931.6 0.0
931.7 0.0
931.8 0.0
931.9 0.0
932.0 0.0
932.1 0.0
932.2 0.0
932.3 0.0
932.4 0.0
932.5 0.0
932.6 0.0
932.7 0.0
932.8 0.0
932.9 0.0
933.0 0.0
933.1 0.0
933.2 0.0
933.3 0.0
933.4 0.0
933.5 0.0
933.6 0.0
933.7 0.0
933.8 0.0
933.9 0.0
934.0 0.0
934.1 0.0
934.2 0.0
934.3 0.0
934.4 0.0
934.5 0.0
934.6 0.0
934.7 0.0
934.8 0.0
934.9 0.0
935.0 0.0
935.1 0.0
935.2 0.0
935.3 0.0
935.4 0.0
935.5 0.0
935.6 0.0
935.7 0.0
935.8 0.0
935.9 0.0
936.0 0.0
936.1 0.0
936.2 0.0
936.3 0.0
936.4 0.0
936.5 0.0
936.6 0.0
936.7 0.0
936.8 0.0
936.9 0.0
937.0 0.0
937.1 0.0
937.2 0.0
937.3 0.0
937.4 0.0
937.5 0.0
937.6 0.0
937.7 0.0
937.8 0.0
937.9 0.0
938.0 0.0
938.1 0.0
938.2 0.0
938.3 0.0
938.4 0.0
938.5 0.0
938.6 0.0
938.7 0.0
938.8 0.0
938.9 0.0
939.0 0.0
939.1 0.0
939.2 0.0
939.3 0.0
939.4 0.0
939.5 0.0
939.6 0.0
939.7 0.0
939.8 0.0
939.9 0.0
940.0 0.0
940.1 0.0
940.2 0.0
940.3 0.0
940.4 0.0
940.5 0.0
940.6 0.0
940.7 0.0
940.8 0.0
940.9 0.0
941.0 0.0
941.1 0.0
941.2 0.0
941.3 0.0
941.4 0.0
941.5 0.0
941.6 0.0
941.7 0.0
941.8 0.0
941.9 0.0
942.0 0.0
942.1 0.0
942.2 0.0
942.3 0.0
942.4 0.0
942.5 0.0
942.6 0.0
942.7 0.0
942.8 0.0
942.9 0.0
943.0 0.0
943.1 0.0
943.2 0.0
943.3 0.0
943.4 0.0
943.5 0.0
943.6 0.0
943.7 0.0
943.8 0.0
943.9 0.0
944.0 0.0
944.1 0.0
944.2 0.0
944.3 0.0
944.4 0.0
944.5 0.0
944.6 0.0
944.7 0.0
944.8 0.0
944.9 0.0
945.0 0.0
945.1 0.0
945.2 0.0
945.3 0.0
945.4 0.0
945.5 0.0
945.6 0.0
945.7 0.0
945.8 0.0
945.9 0.0
946.0 0.0
946.1 0.0
946.2 0.0
946.3 0.0
946.4 0.0
946.5 0.0
946.6 0.0
946.7 0.0
946.8 0.0
946.9 0.0
947.0 0.0
947.1 0.0
947.2 0.0
947.3 0.0
947.4 0.0
947.5 0.0
947.6 0.0
947.7 0.0
947.8 0.0
947.9 0.0
948.0 0.0
948.1 0.0
948.2 0.0
948.3 0.0
948.4 0.0
948.5 0.0
948.6 0.0
948.7 0.0
948.8 0.0
948.9 0.0
949.0 0.0
949.1 0.0
949.2 0.0
949.3 0.0
949.4 0.0
949.5 0.0
949.6 0.0
949.7 0.0
949.8 0.0
949.9 0.0
950.0 0.0
950.1 0.0
950.2 0.0
950.3 0.0
950.4 0.0
950.5 0.0
950.6 0.0
950.7 0.0
950.8 0.0
950.9 0.0
951.0 0.0
951.1 0.0
951.2 0.0
951.3 0.0
951.4 0.0
951.5 0.0
951.6 0.0
951.7 0.0
951.8 0.0
951.9 0.0
952.0 0.0
952.1 0.0
952.2 0.0
952.3 0.0
952.4 0.0
952.5 0.0
952.6 0.0
952.7 0.0
952.8 0.0
952.9 0.0
953.0 0.0
953.1 0.0
953.2 0.0
953.3 0.0
953.4 0.0
953.5 0.0
953.6 0.0
953.7 0.0
953.8 0.0
953.9 0.0
954.0 0.0
954.1 0.0
954.2 0.0
954.3 0.0
954.4 0.0
954.5 0.0
954.6 0.0
954.7 0.0
954.8 0.0
954.9 0.0
955.0 0.0
955.1 0.0
955.2 0.0
955.3 0.0
955.4 0.0
955.5 0.0
955.6 0.0
955.7 0.0
955.8 0.0
955.9 0.0
956.0 0.0
956.1 0.0
956.2 0.0
956.3 0.0
956.4 0.0
956.5 0.0
956.6 0.0
956.7 0.0
956.8 0.0
956.9 0.0
957.0 0.0
957.1 0.0
957.2 0.0
957.3 0.0
957.4 0.0
957.5 0.0
957.6 0.0
957.7 0.0
957.8 0.0
957.9 0.0
958.0 0.0
958.1 0.0
958.2 0.0
958.3 0.0
958.4 0.0
958.5 0.0
958.6 0.0
958.7 0.0
958.8 0.0
958.9 0.0
959.0 0.0
959.1 0.0
959.2 0.0
959.3 0.0
959.4 0.0
959.5 0.0
959.6 0.0
959.7 0.0
959.8 0.0
959.9 0.0
960.0 0.0
960.1 0.0
960.2 0.0
960.3 0.0
960.4 0.0
960.5 0.0
960.6 0.0
960.7 0.0
960.8 0.0
960.9 0.0
961.0 0.0
961.1 0.0
961.2 0.0
961.3 0.0
961.4 0.0
961.5 0.0
961.6 0.0
961.7 0.0
961.8 0.0
961.9 0.0
962.0 0.0
962.1 0.0
962.2 0.0
962.3 0.0
962.4 0.0
962.5 0.0
962.6 0.0
962.7 0.0
962.8 0.0
962.9 0.0
963.0 0.0
963.1 0.0
963.2 0.0
963.3 0.0
963.4 0.0
963.5 0.0
963.6 0.0
963.7 0.0
963.8 0.0
963.9 0.0
964.0 0.0
964.1 0.0
964.2 0.0
964.3 0.0
964.4 0.0
964.5 0.0
964.6 0.0
964.7 0.0
964.8 0.0
964.9 0.0
965.0 0.0
965.1 0.0
965.2 0.0
965.3 0.0
965.4 0.0
965.5 0.0
965.6 0.0
965.7 0.0
965.8 0.0
965.9 0.0
966.0 0.0
966.1 0.0
966.2 0.0
966.3 0.0
966.4 0.0
966.5 0.0
966.6 0.0
966.7 0.0
966.8 0.0
966.9 0.0
967.0 0.0
967.1 0.0
967.2 0.0
967.3 0.0
967.4 0.0
967.5 0.0
967.6 0.0
967.7 0.0
967.8 0.0
967.9 0.0
968.0 0.0
968.1 0.0
968.2 0.0
968.3 0.0
968.4 0.0
968.5 0.0
968.6 0.0
968.7 0.0
968.8 0.0
968.9 0.0
969.0 0.0
969.1 0.0
969.2 0.0
969.3 0.0
969.4 0.0
969.5 0.0
969.6 0.0
969.7 0.0
969.8 0.0
969.9 0.0
970.0 0.0
970.1 0.0
970.2 0.0
970.3 0.0
970.4 0.0
970.5 0.0
970.6 0.0
970.7 0.0
970.8 0.0
970.9 0.0
971.0 0.0
971.1 0.0
971.2 0.0
971.3 0.0
971.4 0.0
971.5 0.0
971.6 0.0
971.7 0.0
971.8 0.0
971.9 0.0
972.0 0.0
972.1 0.0
972.2 0.0
972.3 0.0
972.4 0.0
972.5 0.0
972.6 0.0
972.7 0.0
972.8 0.0
972.9 0.0
973.0 0.0
973.1 0.0
973.2 0.0
973.3 0.0
973.4 0.0
973.5 0.0
973.6 0.0
973.7 0.0
973.8 0.0
973.9 0.0
974.0 0.0
974.1 0.0
974.2 0.0
974.3 0.0
974.4 0.0
974.5 0.0
974.6 0.0
974.7 0.0
974.8 0.0
974.9 0.0
975.0 0.0
975.1 0.0
975.2 0.0
975.3 0.0
975.4 0.0
975.5 0.0
975.6 0.0
975.7 0.0
975.8 0.0
975.9 0.0
976.0 0.0
976.1 0.0
976.2 0.0
976.3 0.0
976.4 0.0
976.5 0.0
976.6 0.0
976.7 0.0
976.8 0.0
976.9 0.0
977.0 0.0
977.1 0.0
977.2 0.0
977.3 0.0
977.4 0.0
977.5 0.0
977.6 0.0
977.7 0.0
977.8 0.0
977.9 0.0
978.0 0.0
978.1 0.0
978.2 0.0
978.3 0.0
978.4 0.0
978.5 0.0
978.6 0.0
978.7 0.0
978.8 0.0
978.9 0.0
979.0 0.0
979.1 0.0
979.2 0.0
979.3 0.0
979.4 0.0
979.5 0.0
979.6 0.0
979.7 0.0
979.8 0.0
979.9 0.0
980.0 0.0
980.1 0.0
980.2 0.0
980.3 0.0
980.4 0.0
980.5 0.0
980.6 0.0
980.7 0.0
980.8 0.0
980.9 0.0
981.0 0.0
981.1 0.0
981.2 0.0
981.3 0.0
981.4 0.0
981.5 0.0
981.6 0.0
981.7 0.0
981.8 0.0
981.9 0.0
982.0 0.0
982.1 0.0
982.2 0.0
982.3 0.0
982.4 0.0
982.5 0.0
982.6 0.0
982.7 0.0
982.8 0.0
982.9 0.0
983.0 0.0
983.1 0.0
983.2 0.0
983.3 0.0
983.4 0.0
983.5 0.0
983.6 0.0
983.7 0.0
983.8 0.0
983.9 0.0
984.0 0.0
984.1 0.0
984.2 0.0
984.3 0.0
984.4 0.0
984.5 0.0
984.6 0.0
984.7 0.0
984.8 0.0
984.9 0.0
985.0 0.0
985.1 0.0
985.2 0.0
985.3 0.0
985.4 0.0
985.5 0.0
985.6 0.0
985.7 0.0
985.8 0.0
985.9 0.0
986.0 0.0
986.1 0.0
986.2 0.0
986.3 0.0
986.4 0.0
986.5 0.0
986.6 0.0
986.7 0.0
986.8 0.0
986.9 0.0
987.0 0.0
987.1 0.0
987.2 0.0
987.3 0.0
987.4 0.0
987.5 0.0
987.6 0.0
987.7 0.0
987.8 0.0
987.9 0.0
988.0 0.0
988.1 0.0
988.2 0.0
988.3 0.0
988.4 0.0
988.5 0.0
988.6 0.0
988.7 0.0
988.8 0.0
988.9 0.0
989.0 0.0
989.1 0.0
989.2 0.0
989.3 0.0
989.4 0.0
989.5 0.0
989.6 0.0
989.7 0.0
989.8 0.0
989.9 0.0
990.0 0.0
990.1 0.0
990.2 0.0
990.3 0.0
990.4 0.0
990.5 0.0
990.6 0.0
990.7 0.0
990.8 0.0
990.9 0.0
991.0 0.0
991.1 0.0
991.2 0.0
991.3 0.0
991.4 0.0
991.5 0.0
991.6 0.0
991.7 0.0
991.8 0.0
991.9 0.0
992.0 0.0
992.1 0.0
992.2 0.0
992.3 0.0
992.4 0.0
992.5 0.0
992.6 0.0
992.7 0.0
992.8 0.0
992.9 0.0
993.0 0.0
993.1 0.0
993.2 0.0
993.3 0.0
993.4 0.0
993.5 0.0
993.6 0.0
993.7 0.0
993.8 0.0
993.9 0.0
994.0 0.0
994.1 0.0
994.2 0.0
994.3 0.0
994.4 0.0
994.5 0.0
994.6 0.0
994.7 0.0
994.8 0.0
994.9 0.0
995.0 0.0
995.1 0.0
995.2 0.0
995.3 0.0
995.4 0.0
995.5 0.0
995.6 0.0
995.7 0.0
995.8 0.0
995.9 0.0
996.0 0.0
996.1 0.0
996.2 0.0
996.3 0.0
996.4 0.0
996.5 0.0
996.6 0.0
996.7 0.0
996.8 0.0
996.9 0.0
997.0 0.0
997.1 0.0
997.2 0.0
997.3 0.0
997.4 0.0
997.5 0.0
997.6 0.0
997.7 0.0
997.8 0.0
997.9 0.0
998.0 0.0
998.1 0.0
998.2 0.0
998.3 0.0
998.4 0.0
998.5 0.0
998.6 0.0
998.7 0.0
998.8 0.0
998.9 0.0
999.0 0.0
999.1 0.0
999.2 0.0
999.3 0.0
999.4 0.0
999.5 0.0
999.6 0.0
999.7 0.0
999.8 0.0
999.9 0.0
1000.0 0.0
1000.1 0.0
1000.2 0.0
1000.3 0.0
1000.4 0.0
1000.5 0.0
1000.6 0.0
1000.7 0.0
1000.8 0.0
1000.9 0.0
1001.0 0.0
1001.1 0.0
1001.2 0.0
1001.3 0.0
1001.4 0.0
1001.5 0.0
1001.6 0.0
1001.7 0.0
1001.8 0.0
1001.9 0.0
1002.0 0.0
1002.1 0.0
1002.2 0.0
1002.3 0.0
1002.4 0.0
1002.5 0.0
1002.6 0.0
1002.7 0.0
1002.8 0.0
1002.9 0.0
1003.0 0.0
1003.1 0.0
1003.2 0.0
1003.3 0.0
1003.4 0.0
1003.5 0.0
1003.6 0.0
1003.7 0.0
1003.8 0.0
1003.9 0.0
1004.0 0.0
1004.1 0.0
1004.2 0.0
1004.3 0.0
1004.4 0.0
1004.5 0.0
1004.6 0.0
1004.7 0.0
1004.8 0.0
1004.9 0.0
1005.0 0.0
1005.1 0.0
1005.2 0.0
1005.3 0.0
1005.4 0.0
1005.5 0.0
1005.6 0.0
1005.7 0.0
1005.8 0.0
1005.9 0.0
1006.0 0.0
1006.1 0.0
1006.2 0.0
1006.3 0.0
1006.4 0.0
1006.5 0.0
1006.6 0.0
1006.7 0.0
1006.8 0.0
1006.9 0.0
1007.0 0.0
1007.1 0.0
1007.2 0.0
1007.3 0.0
1007.4 0.0
1007.5 0.0
1007.6 0.0
1007.7 0.0
1007.8 0.0
1007.9 0.0
1008.0 0.0
1008.1 0.0
1008.2 0.0
1008.3 0.0
1008.4 0.0
1008.5 0.0
1008.6 0.0
1008.7 0.0
1008.8 0.0
1008.9 0.0
1009.0 0.0
1009.1 0.0
1009.2 0.0
1009.3 0.0
1009.4 0.0
1009.5 0.0
1009.6 0.0
1009.7 0.0
1009.8 0.0
1009.9 0.0
1010.0 0.0
1010.1 0.0
1010.2 0.0
1010.3 0.0
1010.4 0.0
1010.5 0.0
1010.6 0.0
1010.7 0.0
1010.8 0.0
1010.9 0.0
1011.0 0.0
1011.1 0.0
1011.2 0.0
1011.3 0.0
1011.4 0.0
1011.5 0.0
1011.6 0.0
1011.7 0.0
1011.8 0.0
1011.9 0.0
1012.0 0.0
1012.1 0.0
1012.2 0.0
1012.3 0.0
1012.4 0.0
1012.5 0.0
1012.6 0.0
1012.7 0.0
1012.8 0.0
1012.9 0.0
1013.0 0.0
1013.1 0.0
1013.2 0.0
1013.3 0.0
1013.4 0.0
1013.5 0.0
1013.6 0.0
1013.7 0.0
1013.8 0.0
1013.9 0.0
1014.0 0.0
1014.1 0.0
1014.2 0.0
1014.3 0.0
1014.4 0.0
1014.5 0.0
1014.6 0.0
1014.7 0.0
1014.8 0.0
1014.9 0.0
1015.0 0.0
1015.1 0.0
1015.2 0.0
1015.3 0.0
1015.4 0.0
1015.5 0.0
1015.6 0.0
1015.7 0.0
1015.8 0.0
1015.9 0.0
1016.0 0.0
1016.1 0.0
1016.2 0.0
1016.3 0.0
1016.4 0.0
1016.5 0.0
1016.6 0.0
1016.7 0.0
1016.8 0.0
1016.9 0.0
1017.0 0.0
1017.1 0.0
1017.2 0.0
1017.3 0.0
1017.4 0.0
1017.5 0.0
1017.6 0.0
1017.7 0.0
1017.8 0.0
1017.9 0.0
1018.0 0.0
1018.1 0.0
1018.2 0.0
1018.3 0.0
1018.4 0.0
1018.5 0.0
1018.6 0.0
1018.7 0.0
1018.8 0.0
1018.9 0.0
1019.0 0.0
1019.1 0.0
1019.2 0.0
1019.3 0.0
1019.4 0.0
1019.5 0.0
1019.6 0.0
1019.7 0.0
1019.8 0.0
1019.9 0.0
1020.0 0.0
1020.1 0.0
1020.2 0.0
1020.3 0.0
1020.4 0.0
1020.5 0.0
1020.6 0.0
1020.7 0.0
1020.8 0.0
1020.9 0.0
1021.0 0.0
1021.1 0.0
1021.2 0.0
1021.3 0.0
1021.4 0.0
1021.5 0.0
1021.6 0.0
1021.7 0.0
1021.8 0.0
1021.9 0.0
1022.0 0.0
1022.1 0.0
1022.2 0.0
1022.3 0.0
1022.4 0.0
1022.5 0.0
1022.6 0.0
1022.7 0.0
1022.8 0.0
1022.9 0.0
1023.0 0.0
1023.1 0.0
1023.2 0.0
1023.3 0.0
1023.4 0.0
1023.5 0.0
1023.6 0.0
1023.7 0.0
1023.8 0.0
1023.9 0.0
1024.0 0.0
1024.1 0.0
1024.2 0.0
1024.3 0.0
1024.4 0.0
1024.5 0.0
1024.6 0.0
1024.7 0.0
1024.8 0.0
1024.9 0.0
1025.0 0.0
1025.1 0.0
1025.2 0.0
1025.3 0.0
1025.4 0.0
1025.5 0.0
1025.6 0.0
1025.7 0.0
1025.8 0.0
1025.9 0.0
1026.0 0.0
1026.1 0.0
1026.2 0.0
1026.3 0.0
1026.4 0.0
1026.5 0.0
1026.6 0.0
1026.7 0.0
1026.8 0.0
1026.9 0.0
1027.0 0.0
1027.1 0.0
1027.2 0.0
1027.3 0.0
1027.4 0.0
1027.5 0.0
1027.6 0.0
1027.7 0.0
1027.8 0.0
1027.9 0.0
1028.0 0.0
1028.1 0.0
1028.2 0.0
1028.3 0.0
1028.4 0.0
1028.5 0.0
1028.6 0.0
1028.7 0.0
1028.8 0.0
1028.9 0.0
1029.0 0.0
1029.1 0.0
1029.2 0.0
1029.3 0.0
1029.4 0.0
1029.5 0.0
1029.6 0.0
1029.7 0.0
1029.8 0.0
1029.9 0.0
1030.0 0.0
1030.1 0.0
1030.2 0.0
1030.3 0.0
1030.4 0.0
1030.5 0.0
1030.6 0.0
1030.7 0.0
1030.8 0.0
1030.9 0.0
1031.0 0.0
1031.1 0.0
1031.2 0.0
1031.3 0.0
1031.4 0.0
1031.5 0.0
1031.6 0.0
1031.7 0.0
1031.8 0.0
1031.9 0.0
1032.0 0.0
1032.1 0.0
1032.2 0.0
1032.3 0.0
1032.4 0.0
1032.5 0.0
1032.6 0.0
1032.7 0.0
1032.8 0.0
1032.9 0.0
1033.0 0.0
1033.1 0.0
1033.2 0.0
1033.3 0.0
1033.4 0.0
1033.5 0.0
1033.6 0.0
1033.7 0.0
1033.8 0.0
1033.9 0.0
1034.0 0.0
1034.1 0.0
1034.2 0.0
1034.3 0.0
1034.4 0.0
1034.5 0.0
1034.6 0.0
1034.7 0.0
1034.8 0.0
1034.9 0.0
1035.0 0.0
1035.1 0.0
1035.2 0.0
1035.3 0.0
1035.4 0.0
1035.5 0.0
1035.6 0.0
1035.7 0.0
1035.8 0.0
1035.9 0.0
1036.0 0.0
1036.1 0.0
1036.2 0.0
1036.3 0.0
1036.4 0.0
1036.5 0.0
1036.6 0.0
1036.7 0.0
1036.8 0.0
1036.9 0.0
1037.0 0.0
1037.1 0.0
1037.2 0.0
1037.3 0.0
1037.4 0.0
1037.5 0.0
1037.6 0.0
1037.7 0.0
1037.8 0.0
1037.9 0.0
1038.0 0.0
1038.1 0.0
1038.2 0.0
1038.3 0.0
1038.4 0.0
1038.5 0.0
1038.6 0.0
1038.7 0.0
1038.8 0.0
1038.9 0.0
1039.0 0.0
1039.1 0.0
1039.2 0.0
1039.3 0.0
1039.4 0.0
1039.5 0.0
1039.6 0.0
1039.7 0.0
1039.8 0.0
1039.9 0.0
1040.0 0.0
1040.1 0.0
1040.2 0.0
1040.3 0.0
1040.4 0.0
1040.5 0.0
1040.6 0.0
1040.7 0.0
1040.8 0.0
1040.9 0.0
1041.0 0.0
1041.1 0.0
1041.2 0.0
1041.3 0.0
1041.4 0.0
1041.5 0.0
1041.6 0.0
1041.7 0.0
1041.8 0.0
1041.9 0.0
1042.0 0.0
1042.1 0.0
1042.2 0.0
1042.3 0.0
1042.4 0.0
1042.5 0.0
1042.6 0.0
1042.7 0.0
1042.8 0.0
1042.9 0.0
1043.0 0.0
1043.1 0.0
1043.2 0.0
1043.3 0.0
1043.4 0.0
1043.5 0.0
1043.6 0.0
1043.7 0.0
1043.8 0.0
1043.9 0.0
1044.0 0.0
1044.1 0.0
1044.2 0.0
1044.3 0.0
1044.4 0.0
1044.5 0.0
1044.6 0.0
1044.7 0.0
1044.8 0.0
1044.9 0.0
1045.0 0.0
1045.1 0.0
1045.2 0.0
1045.3 0.0
1045.4 0.0
1045.5 0.0
1045.6 0.0
1045.7 0.0
1045.8 0.0
1045.9 0.0
1046.0 0.0
1046.1 0.0
1046.2 0.0
1046.3 0.0
1046.4 0.0
1046.5 0.0
1046.6 0.0
1046.7 0.0
1046.8 0.0
1046.9 0.0
1047.0 0.0
1047.1 0.0
1047.2 0.0
1047.3 0.0
1047.4 0.0
1047.5 0.0
1047.6 0.0
1047.7 0.0
1047.8 0.0
1047.9 0.0
1048.0 0.0
1048.1 0.0
1048.2 0.0
1048.3 0.0
1048.4 0.0
1048.5 0.0
1048.6 0.0
1048.7 0.0
1048.8 0.0
1048.9 0.0
1049.0 0.0
1049.1 0.0
1049.2 0.0
1049.3 0.0
1049.4 0.0
1049.5 0.0
1049.6 0.0
1049.7 0.0
1049.8 0.0
1049.9 0.0
1050.0 0.0
1050.1 0.0
1050.2 0.0
1050.3 0.0
1050.4 0.0
1050.5 0.0
1050.6 0.0
1050.7 0.0
1050.8 0.0
1050.9 0.0
1051.0 0.0
1051.1 0.0
1051.2 0.0
1051.3 0.0
1051.4 0.0
1051.5 0.0
1051.6 0.0
1051.7 0.0
1051.8 0.0
1051.9 0.0
1052.0 0.0
1052.1 0.0
1052.2 0.0
1052.3 0.0
1052.4 0.0
1052.5 0.0
1052.6 0.0
1052.7 0.0
1052.8 0.0
1052.9 0.0
1053.0 0.0
1053.1 0.0
1053.2 0.0
1053.3 0.0
1053.4 0.0
1053.5 0.0
1053.6 0.0
1053.7 0.0
1053.8 0.0
1053.9 0.0
1054.0 0.0
1054.1 0.0
1054.2 0.0
1054.3 0.0
1054.4 0.0
1054.5 0.0
1054.6 0.0
1054.7 0.0
1054.8 0.0
1054.9 0.0
1055.0 0.0
1055.1 0.0
1055.2 0.0
1055.3 0.0
1055.4 0.0
1055.5 0.0
1055.6 0.0
1055.7 0.0
1055.8 0.0
1055.9 0.0
1056.0 0.0
1056.1 0.0
1056.2 0.0
1056.3 0.0
1056.4 0.0
1056.5 0.0
1056.6 0.0
1056.7 0.0
1056.8 0.0
1056.9 0.0
1057.0 0.0
1057.1 0.0
1057.2 0.0
1057.3 0.0
1057.4 0.0
1057.5 0.0
1057.6 0.0
1057.7 0.0
1057.8 0.0
1057.9 0.0
1058.0 0.0
1058.1 0.0
1058.2 0.0
1058.3 0.0
1058.4 0.0
1058.5 0.0
1058.6 0.0
1058.7 0.0
1058.8 0.0
1058.9 0.0
1059.0 0.0
1059.1 0.0
1059.2 0.0
1059.3 0.0
1059.4 0.0
1059.5 0.0
1059.6 0.0
1059.7 0.0
1059.8 0.0
1059.9 0.0
1060.0 0.0
1060.1 0.0
1060.2 0.0
1060.3 0.0
1060.4 0.0
1060.5 0.0
1060.6 0.0
1060.7 0.0
1060.8 0.0
1060.9 0.0
1061.0 0.0
1061.1 0.0
1061.2 0.0
1061.3 0.0
1061.4 0.0
1061.5 0.0
1061.6 0.0
1061.7 0.0
1061.8 0.0
1061.9 0.0
1062.0 0.0
1062.1 0.0
1062.2 0.0
1062.3 0.0
1062.4 0.0
1062.5 0.0
1062.6 0.0
1062.7 0.0
1062.8 0.0
1062.9 0.0
1063.0 0.0
1063.1 0.0
1063.2 0.0
1063.3 0.0
1063.4 0.0
1063.5 0.0
1063.6 0.0
1063.7 0.0
1063.8 0.0
1063.9 0.0
1064.0 0.0
1064.1 0.0
1064.2 0.0
1064.3 0.0
1064.4 0.0
1064.5 0.0
1064.6 0.0
1064.7 0.0
1064.8 0.0
1064.9 0.0
1065.0 0.0
1065.1 0.0
1065.2 0.0
1065.3 0.0
1065.4 0.0
1065.5 0.0
1065.6 0.0
1065.7 0.0
1065.8 0.0
1065.9 0.0
1066.0 0.0
1066.1 0.0
1066.2 0.0
1066.3 0.0
1066.4 0.0
1066.5 0.0
1066.6 0.0
1066.7 0.0
1066.8 0.0
1066.9 0.0
1067.0 0.0
1067.1 0.0
1067.2 0.0
1067.3 0.0
1067.4 0.0
1067.5 0.0
1067.6 0.0
1067.7 0.0
1067.8 0.0
1067.9 0.0
1068.0 0.0
1068.1 0.0
1068.2 0.0
1068.3 0.0
1068.4 0.0
1068.5 0.0
1068.6 0.0
1068.7 0.0
1068.8 0.0
1068.9 0.0
1069.0 0.0
1069.1 0.0
1069.2 0.0
1069.3 0.0
1069.4 0.0
1069.5 0.0
1069.6 0.0
1069.7 0.0
1069.8 0.0
1069.9 0.0
1070.0 0.0
1070.1 0.0
1070.2 0.0
1070.3 0.0
1070.4 0.0
1070.5 0.0
1070.6 0.0
1070.7 0.0
1070.8 0.0
1070.9 0.0
1071.0 0.0
1071.1 0.0
1071.2 0.0
1071.3 0.0
1071.4 0.0
1071.5 0.0
1071.6 0.0
1071.7 0.0
1071.8 0.0
1071.9 0.0
1072.0 0.0
1072.1 0.0
1072.2 0.0
1072.3 0.0
1072.4 0.0
1072.5 0.0
1072.6 0.0
1072.7 0.0
1072.8 0.0
1072.9 0.0
1073.0 0.0
1073.1 0.0
1073.2 0.0
1073.3 0.0
1073.4 0.0
1073.5 0.0
1073.6 0.0
1073.7 0.0
1073.8 0.0
1073.9 0.0
1074.0 0.0
1074.1 0.0
1074.2 0.0
1074.3 0.0
1074.4 0.0
1074.5 0.0
1074.6 0.0
1074.7 0.0
1074.8 0.0
1074.9 0.0
1075.0 0.0
1075.1 0.0
1075.2 0.0
1075.3 0.0
1075.4 0.0
1075.5 0.0
1075.6 0.0
1075.7 0.0
1075.8 0.0
1075.9 0.0
1076.0 0.0
1076.1 0.0
1076.2 0.0
1076.3 0.0
1076.4 0.0
1076.5 0.0
1076.6 0.0
1076.7 0.0
1076.8 0.0
1076.9 0.0
1077.0 0.0
1077.1 0.0
1077.2 0.0
1077.3 0.0
1077.4 0.0
1077.5 0.0
1077.6 0.0
1077.7 0.0
1077.8 0.0
1077.9 0.0
1078.0 0.0
1078.1 0.0
1078.2 0.0
1078.3 0.0
1078.4 0.0
1078.5 0.0
1078.6 0.0
1078.7 0.0
1078.8 0.0
1078.9 0.0
1079.0 0.0
1079.1 0.0
1079.2 0.0
1079.3 0.0
1079.4 0.0
1079.5 0.0
1079.6 0.0
1079.7 0.0
1079.8 0.0
1079.9 0.0
1080.0 0.0
1080.1 0.0
1080.2 0.0
1080.3 0.0
1080.4 0.0
1080.5 0.0
1080.6 0.0
1080.7 0.0
1080.8 0.0
1080.9 0.0
1081.0 0.0
1081.1 0.0
1081.2 0.0
1081.3 0.0
1081.4 0.0
1081.5 0.0
1081.6 0.0
1081.7 0.0
1081.8 0.0
1081.9 0.0
1082.0 0.0
1082.1 0.0
1082.2 0.0
1082.3 0.0
1082.4 0.0
1082.5 0.0
1082.6 0.0
1082.7 0.0
1082.8 0.0
1082.9 0.0
1083.0 0.0
1083.1 0.0
1083.2 0.0
1083.3 0.0
1083.4 0.0
1083.5 0.0
1083.6 0.0
1083.7 0.0
1083.8 0.0
1083.9 0.0
1084.0 0.0
1084.1 0.0
1084.2 0.0
1084.3 0.0
1084.4 0.0
1084.5 0.0
1084.6 0.0
1084.7 0.0
1084.8 0.0
1084.9 0.0
1085.0 0.0
1085.1 0.0
1085.2 0.0
1085.3 0.0
1085.4 0.0
1085.5 0.0
1085.6 0.0
1085.7 0.0
1085.8 0.0
1085.9 0.0
1086.0 0.0
1086.1 0.0
1086.2 0.0
1086.3 0.0
1086.4 0.0
1086.5 0.0
1086.6 0.0
1086.7 0.0
1086.8 0.0
1086.9 0.0
1087.0 0.0
1087.1 0.0
1087.2 0.0
1087.3 0.0
1087.4 0.0
1087.5 0.0
1087.6 0.0
1087.7 0.0
1087.8 0.0
1087.9 0.0
1088.0 0.0
1088.1 0.0
1088.2 0.0
1088.3 0.0
1088.4 0.0
1088.5 0.0
1088.6 0.0
1088.7 0.0
1088.8 0.0
1088.9 0.0
1089.0 0.0
1089.1 0.0
1089.2 0.0
1089.3 0.0
1089.4 0.0
1089.5 0.0
1089.6 0.0
1089.7 0.0
1089.8 0.0
1089.9 0.0
1090.0 0.0
1090.1 0.0
1090.2 0.0
1090.3 0.0
1090.4 0.0
1090.5 0.0
1090.6 0.0
1090.7 0.0
1090.8 0.0
1090.9 0.0
1091.0 0.0
1091.1 0.0
1091.2 0.0
1091.3 0.0
1091.4 0.0
1091.5 0.0
1091.6 0.0
1091.7 0.0
1091.8 0.0
1091.9 0.0
1092.0 0.0
1092.1 0.0
1092.2 0.0
1092.3 0.0
1092.4 0.0
1092.5 0.0
1092.6 0.0
1092.7 0.0
1092.8 0.0
1092.9 0.0
1093.0 0.0
1093.1 0.0
1093.2 0.0
1093.3 0.0
1093.4 0.0
1093.5 0.0
1093.6 0.0
1093.7 0.0
1093.8 0.0
1093.9 0.0
1094.0 0.0
1094.1 0.0
1094.2 0.0
1094.3 0.0
1094.4 0.0
1094.5 0.0
1094.6 0.0
1094.7 0.0
1094.8 0.0
1094.9 0.0
1095.0 0.0
1095.1 0.0
1095.2 0.0
1095.3 0.0
1095.4 0.0
1095.5 0.0
1095.6 0.0
1095.7 0.0
1095.8 0.0
1095.9 0.0
1096.0 0.0
1096.1 0.0
1096.2 0.0
1096.3 0.0
1096.4 0.0
1096.5 0.0
1096.6 0.0
1096.7 0.0
1096.8 0.0
1096.9 0.0
1097.0 0.0
1097.1 0.0
1097.2 0.0
1097.3 0.0
1097.4 0.0
1097.5 0.0
1097.6 0.0
1097.7 0.0
1097.8 0.0
1097.9 0.0
1098.0 0.0
1098.1 0.0
1098.2 0.0
1098.3 0.0
1098.4 0.0
1098.5 0.0
1098.6 0.0
1098.7 0.0
1098.8 0.0
1098.9 0.0
1099.0 0.0
1099.1 0.0
1099.2 0.0
1099.3 0.0
1099.4 0.0
1099.5 0.0
1099.6 0.0
1099.7 0.0
1099.8 0.0
1099.9 0.0
1100.0 0.0
1100.1 0.0
1100.2 0.0
1100.3 0.0
1100.4 0.0
1100.5 0.0
1100.6 0.0
1100.7 0.0
1100.8 0.0
1100.9 0.0
1101.0 0.0
1101.1 0.0
1101.2 0.0
1101.3 0.0
1101.4 0.0
1101.5 0.0
1101.6 0.0
1101.7 0.0
1101.8 0.0
1101.9 0.0
1102.0 0.0
1102.1 0.0
1102.2 0.0
1102.3 0.0
1102.4 0.0
1102.5 0.0
1102.6 0.0
1102.7 0.0
1102.8 0.0
1102.9 0.0
1103.0 0.0
1103.1 0.0
1103.2 0.0
1103.3 0.0
1103.4 0.0
1103.5 0.0
1103.6 0.0
1103.7 0.0
1103.8 0.0
1103.9 0.0
1104.0 0.0
1104.1 0.0
1104.2 0.0
1104.3 0.0
1104.4 0.0
1104.5 0.0
1104.6 0.0
1104.7 0.0
1104.8 0.0
1104.9 0.0
1105.0 0.0
1105.1 0.0
1105.2 0.0
1105.3 0.0
1105.4 0.0
1105.5 0.0
1105.6 0.0
1105.7 0.0
1105.8 0.0
1105.9 0.0
1106.0 0.0
1106.1 0.0
1106.2 0.0
1106.3 0.0
1106.4 0.0
1106.5 0.0
1106.6 0.0
1106.7 0.0
1106.8 0.0
1106.9 0.0
1107.0 0.0
1107.1 0.0
1107.2 0.0
1107.3 0.0
1107.4 0.0
1107.5 0.0
1107.6 0.0
1107.7 0.0
1107.8 0.0
1107.9 0.0
1108.0 0.0
1108.1 0.0
1108.2 0.0
1108.3 0.0
1108.4 0.0
1108.5 0.0
1108.6 0.0
1108.7 0.0
1108.8 0.0
1108.9 0.0
1109.0 0.0
1109.1 0.0
1109.2 0.0
1109.3 0.0
1109.4 0.0
1109.5 0.0
1109.6 0.0
1109.7 0.0
1109.8 0.0
1109.9 0.0
1110.0 0.0
1110.1 0.0
1110.2 0.0
1110.3 0.0
1110.4 0.0
1110.5 0.0
1110.6 0.0
1110.7 0.0
1110.8 0.0
1110.9 0.0
1111.0 0.0
1111.1 0.0
1111.2 0.0
1111.3 0.0
1111.4 0.0
1111.5 0.0
1111.6 0.0
1111.7 0.0
1111.8 0.0
1111.9 0.0
1112.0 0.0
1112.1 0.0
1112.2 0.0
1112.3 0.0
1112.4 0.0
1112.5 0.0
1112.6 0.0
1112.7 0.0
1112.8 0.0
1112.9 0.0
1113.0 0.0
1113.1 0.0
1113.2 0.0
1113.3 0.0
1113.4 0.0
1113.5 0.0
1113.6 0.0
1113.7 0.0
1113.8 0.0
1113.9 0.0
1114.0 0.0
1114.1 0.0
1114.2 0.0
1114.3 0.0
1114.4 0.0
1114.5 0.0
1114.6 0.0
1114.7 0.0
1114.8 0.0
1114.9 0.0
1115.0 0.0
1115.1 0.0
1115.2 0.0
1115.3 0.0
1115.4 0.0
1115.5 0.0
1115.6 0.0
1115.7 0.0
1115.8 0.0
1115.9 0.0
1116.0 0.0
1116.1 0.0
1116.2 0.0
1116.3 0.0
1116.4 0.0
1116.5 0.0
1116.6 0.0
1116.7 0.0
1116.8 0.0
1116.9 0.0
1117.0 0.0
1117.1 0.0
1117.2 0.0
1117.3 0.0
1117.4 0.0
1117.5 0.0
1117.6 0.0
1117.7 0.0
1117.8 0.0
1117.9 0.0
1118.0 0.0
1118.1 0.0
1118.2 0.0
1118.3 0.0
1118.4 0.0
1118.5 0.0
1118.6 0.0
1118.7 0.0
1118.8 0.0
1118.9 0.0
1119.0 0.0
1119.1 0.0
1119.2 0.0
1119.3 0.0
1119.4 0.0
1119.5 0.0
1119.6 0.0
1119.7 0.0
1119.8 0.0
1119.9 0.0
1120.0 0.0
1120.1 0.0
1120.2 0.0
1120.3 0.0
1120.4 0.0
1120.5 0.0
1120.6 0.0
1120.7 0.0
1120.8 0.0
1120.9 0.0
1121.0 0.0
1121.1 0.0
1121.2 0.0
1121.3 0.0
1121.4 0.0
1121.5 0.0
1121.6 0.0
1121.7 0.0
1121.8 0.0
1121.9 0.0
1122.0 0.0
1122.1 0.0
1122.2 0.0
1122.3 0.0
1122.4 0.0
1122.5 0.0
1122.6 0.0
1122.7 0.0
1122.8 0.0
1122.9 0.0
1123.0 0.0
1123.1 0.0
1123.2 0.0
1123.3 0.0
1123.4 0.0
1123.5 0.0
1123.6 0.0
1123.7 0.0
1123.8 0.0
1123.9 0.0
1124.0 0.0
1124.1 0.0
1124.2 0.0
1124.3 0.0
1124.4 0.0
1124.5 0.0
1124.6 0.0
1124.7 0.0
1124.8 0.0
1124.9 0.0
1125.0 0.0
1125.1 0.0
1125.2 0.0
1125.3 0.0
1125.4 0.0
1125.5 0.0
1125.6 0.0
1125.7 0.0
1125.8 0.0
1125.9 0.0
1126.0 0.0
1126.1 0.0
1126.2 0.0
1126.3 0.0
1126.4 0.0
1126.5 0.0
1126.6 0.0
1126.7 0.0
1126.8 0.0
1126.9 0.0
1127.0 0.0
1127.1 0.0
1127.2 0.0
1127.3 0.0
1127.4 0.0
1127.5 0.0
1127.6 0.0
1127.7 0.0
1127.8 0.0
1127.9 0.0
1128.0 0.0
1128.1 0.0
1128.2 0.0
1128.3 0.0
1128.4 0.0
1128.5 0.0
1128.6 0.0
1128.7 0.0
1128.8 0.0
1128.9 0.0
1129.0 0.0
1129.1 0.0
1129.2 0.0
1129.3 0.0
1129.4 0.0
1129.5 0.0
1129.6 0.0
1129.7 0.0
1129.8 0.0
1129.9 0.0
1130.0 0.0
1130.1 0.0
1130.2 0.0
1130.3 0.0
1130.4 0.0
1130.5 0.0
1130.6 0.0
1130.7 0.0
1130.8 0.0
1130.9 0.0
1131.0 0.0
1131.1 0.0
1131.2 0.0
1131.3 0.0
1131.4 0.0
1131.5 0.0
1131.6 0.0
1131.7 0.0
1131.8 0.0
1131.9 0.0
1132.0 0.0
1132.1 0.0
1132.2 0.0
1132.3 0.0
1132.4 0.0
1132.5 0.0
1132.6 0.0
1132.7 0.0
1132.8 0.0
1132.9 0.0
1133.0 0.0
1133.1 0.0
1133.2 0.0
1133.3 0.0
1133.4 0.0
1133.5 0.0
1133.6 0.0
1133.7 0.0
1133.8 0.0
1133.9 0.0
1134.0 0.0
1134.1 0.0
1134.2 0.0
1134.3 0.0
1134.4 0.0
1134.5 0.0
1134.6 0.0
1134.7 0.0
1134.8 0.0
1134.9 0.0
1135.0 0.0
1135.1 0.0
1135.2 0.0
1135.3 0.0
1135.4 0.0
1135.5 0.0
1135.6 0.0
1135.7 0.0
1135.8 0.0
1135.9 0.0
1136.0 0.0
1136.1 0.0
1136.2 0.0
1136.3 0.0
1136.4 0.0
1136.5 0.0
1136.6 0.0
1136.7 0.0
1136.8 0.0
1136.9 0.0
1137.0 0.0
1137.1 0.0
1137.2 0.0
1137.3 0.0
1137.4 0.0
1137.5 0.0
1137.6 0.0
1137.7 0.0
1137.8 0.0
1137.9 0.0
1138.0 0.0
1138.1 0.0
1138.2 0.0
1138.3 0.0
1138.4 0.0
1138.5 0.0
1138.6 0.0
1138.7 0.0
1138.8 0.0
1138.9 0.0
1139.0 0.0
1139.1 0.0
1139.2 0.0
1139.3 0.0
1139.4 0.0
1139.5 0.0
1139.6 0.0
1139.7 0.0
1139.8 0.0
1139.9 0.0
1140.0 0.0
1140.1 0.0
1140.2 0.0
1140.3 0.0
1140.4 0.0
1140.5 0.0
1140.6 0.0
1140.7 0.0
1140.8 0.0
1140.9 0.0
1141.0 0.0
1141.1 0.0
1141.2 0.0
1141.3 0.0
1141.4 0.0
1141.5 0.0
1141.6 0.0
1141.7 0.0
1141.8 0.0
1141.9 0.0
1142.0 0.0
1142.1 0.0
1142.2 0.0
1142.3 0.0
1142.4 0.0
1142.5 0.0
1142.6 0.0
1142.7 0.0
1142.8 0.0
1142.9 0.0
1143.0 0.0
1143.1 0.0
1143.2 0.0
1143.3 0.0
1143.4 0.0
1143.5 0.0
1143.6 0.0
1143.7 0.0
1143.8 0.0
1143.9 0.0
1144.0 0.0
1144.1 0.0
1144.2 0.0
1144.3 0.0
1144.4 0.0
1144.5 0.0
1144.6 0.0
1144.7 0.0
1144.8 0.0
1144.9 0.0
1145.0 0.0
1145.1 0.0
1145.2 0.0
1145.3 0.0
1145.4 0.0
1145.5 0.0
1145.6 0.0
1145.7 0.0
1145.8 0.0
1145.9 0.0
1146.0 0.0
1146.1 0.0
1146.2 0.0
1146.3 0.0
1146.4 0.0
1146.5 0.0
1146.6 0.0
1146.7 0.0
1146.8 0.0
1146.9 0.0
1147.0 0.0
1147.1 0.0
1147.2 0.0
1147.3 0.0
1147.4 0.0
1147.5 0.0
1147.6 0.0
1147.7 0.0
1147.8 0.0
1147.9 0.0
1148.0 0.0
1148.1 0.0
1148.2 0.0
1148.3 0.0
1148.4 0.0
1148.5 0.0
1148.6 0.0
1148.7 0.0
1148.8 0.0
1148.9 0.0
1149.0 0.0
1149.1 0.0
1149.2 0.0
1149.3 0.0
1149.4 0.0
1149.5 0.0
1149.6 0.0
1149.7 0.0
1149.8 0.0
1149.9 0.0
1150.0 0.0
